 153.4, 1001, 1.095, 0.006399, 0.2419, 0.03003, 0.04904, 0.01587, 0.1622, 0.4601, 0.2776, 0.05373, 2019, 0.1184, 0.07871, 0.1471, 0.006193, 0.7119, class-1
 74.08, 1326, 0.5435, 0.005225, 0.1812, 0.01389, 0.01308, 0.0134, 0.1238, 0.275, 0.07864, 0.0186, 1956, 0.08474, 0.05667, 0.07017, 0.003532, 0.2416, class-1
 94.03, 1203, 0.7456, 0.00615, 0.2069, 0.0225, 0.04006, 0.02058, 0.1444, 0.3613, 0.1599, 0.03832, 1709, 0.1096, 0.05999, 0.1279, 0.004571, 0.4504, class-1
 27.23, 386.1, 0.4956, 0.00911, 0.2597, 0.05963, 0.07458, 0.01867, 0.2098, 0.6638, 0.2839, 0.05661, 567.7, 0.1425, 0.09744, 0.1052, 0.009208, 0.6869, class-1
 94.44, 1297, 0.7572, 0.01149, 0.1809, 0.01756, 0.02461, 0.01885, 0.1374, 0.2364, 0.1328, 0.05688, 1575, 0.1003, 0.05883, 0.1043, 0.005115, 0.4, class-1
 27.19, 477.1, 0.3345, 0.00751, 0.2087, 0.02165, 0.03345, 0.01137, 0.1791, 0.3985, 0.17, 0.03672, 741.6, 0.1278, 0.07613, 0.08089, 0.005082, 0.5355, class-1
 53.91, 1040, 0.4467, 0.004314, 0.1794, 0.01369, 0.01382, 0.01039, 0.1442, 0.3063, 0.109, 0.02254, 1606, 0.09463, 0.05742, 0.074, 0.002179, 0.3784, class-1
 50.96, 577.9, 0.5835, 0.008805, 0.2196, 0.01486, 0.03029, 0.01448, 0.1654, 0.3196, 0.1645, 0.02488, 897, 0.1189, 0.07451, 0.05985, 0.005412, 0.2678, class-1
 24.32, 519.8, 0.3063, 0.005731, 0.235, 0.02143, 0.03502, 0.01226, 0.1703, 0.4378, 0.1932, 0.03553, 739.3, 0.1273, 0.07389, 0.09353, 0.003749, 0.539, class-1
 23.94, 475.9, 0.2976, 0.007149, 0.203, 0.01789, 0.07217, 0.01432, 0.1853, 0.4366, 0.2396, 0.07743, 711.4, 0.1186, 0.08243, 0.08543, 0.01008, 1.105, class-1
 40.51, 797.8, 0.3795, 0.004029, 0.1528, 0.0146, 0.009269, 0.007591, 0.1181, 0.2948, 0.06669, 0.01101, 1150, 0.08206, 0.05697, 0.03323, 0.003042, 0.1459, class-1
 54.16, 781, 0.5058, 0.005771, 0.1842, 0.02008, 0.04061, 0.01282, 0.1396, 0.3792, 0.1292, 0.02791, 1299, 0.0971, 0.06082, 0.06606, 0.004144, 0.3965, class-1
 116.2, 1123, 0.9555, 0.003139, 0.2397, 0.04484, 0.08297, 0.0409, 0.1037, 0.3176, 0.2458, 0.0889, 1332, 0.0974, 0.078, 0.1118, 0.01284, 0.3639, class-1
 36.58, 782.7, 0.4033, 0.009769, 0.1847, 0.02981, 0.03126, 0.01992, 0.1131, 0.2809, 0.1002, 0.05051, 876.5, 0.08401, 0.05338, 0.05364, 0.003002, 0.2322, class-1
 19.21, 578.3, 0.2121, 0.006429, 0.2069, 0.01961, 0.05936, 0.01628, 0.1651, 0.3596, 0.2293, 0.05501, 697.7, 0.1131, 0.07682, 0.08025, 0.008093, 0.6943, class-1
 32.55, 658.8, 0.37, 0.005607, 0.2303, 0.01857, 0.0424, 0.0109, 0.1678, 0.4218, 0.1595, 0.04741, 943.2, 0.1139, 0.07077, 0.07364, 0.005466, 0.7026, class-1
 45.4, 684.5, 0.4727, 0.005718, 0.1586, 0.0141, 0.01162, 0.01109, 0.1464, 0.3029, 0.072, 0.01998, 1138, 0.09867, 0.05922, 0.05259, 0.002085, 0.2914, class-1
 54.18, 798.8, 0.5692, 0.007026, 0.2164, 0.01689, 0.02501, 0.01297, 0.1789, 0.3706, 0.2022, 0.03188, 1315, 0.117, 0.07356, 0.1028, 0.004142, 0.4784, class-1
 112.4, 1260, 0.7582, 0.006494, 0.1582, 0.01356, 0.01893, 0.01521, 0.1512, 0.2768, 0.1027, 0.03391, 2398, 0.09831, 0.05395, 0.09498, 0.001997, 0.5372, class-1
 23.56, 566.3, 0.2699, 0.008462, 0.1885, 0.0198, 0.0146, 0.01315, 0.144, 0.2977, 0.08129, 0.02387, 711.2, 0.09779, 0.05766, 0.04781, 0.0023, 0.239, class-2
 14.67, 520, 0.1852, 0.004097, 0.1967, 0.01678, 0.01898, 0.00649, 0.1312, 0.3184, 0.127, 0.01698, 630.5, 0.1075, 0.06811, 0.0311, 0.002425, 0.189, class-2
 15.7, 273.9, 0.2773, 0.009606, 0.1815, 0.02027, 0.01432, 0.01421, 0.1324, 0.245, 0.06492, 0.01985, 314.9, 0.1024, 0.06905, 0.02076, 0.002968, 0.08867, class-2
 44.91, 704.4, 0.4388, 0.006789, 0.2521, 0.03672, 0.05328, 0.02252, 0.139, 0.4667, 0.2135, 0.06446, 980.9, 0.1073, 0.07032, 0.09756, 0.004394, 0.6305, class-1
 93.99, 1404, 0.6917, 0.004728, 0.1769, 0.01083, 0.01259, 0.01038, 0.1401, 0.2822, 0.1022, 0.01715, 2615, 0.09428, 0.05278, 0.08632, 0.001987, 0.3155, class-1
 102.6, 904.6, 0.8068, 0.006048, 0.1995, 0.01468, 0.01882, 0.0113, 0.1805, 0.3613, 0.1457, 0.02741, 2215, 0.1121, 0.0633, 0.0917, 0.002801, 0.4695, class-1
 111.4, 912.7, 1.046, 0.008029, 0.304, 0.02308, 0.03799, 0.02397, 0.1545, 0.4066, 0.2276, 0.03732, 1461, 0.1186, 0.07413, 0.1401, 0.007444, 0.3853, class-1
 21.05, 644.8, 0.2545, 0.004452, 0.2252, 0.01454, 0.03055, 0.01352, 0.1525, 0.4264, 0.1868, 0.02681, 896.9, 0.1054, 0.06924, 0.08783, 0.003711, 0.5539, class-1
 93.54, 1094, 0.8529, 0.01075, 0.1697, 0.02293, 0.02722, 0.01911, 0.1338, 0.2341, 0.1066, 0.05081, 1403, 0.0944, 0.05699, 0.07731, 0.004217, 0.3446, class-1
 43.5, 732.4, 0.439, 0.005233, 0.1926, 0.01768, 0.03057, 0.01083, 0.1641, 0.4027, 0.1697, 0.03576, 1269, 0.1082, 0.0654, 0.08751, 0.002967, 0.6335, class-1
 61.1, 955.1, 0.6003, 0.005627, 0.1739, 0.01925, 0.03033, 0.01354, 0.1255, 0.2756, 0.1157, 0.03407, 1227, 0.09847, 0.06149, 0.07953, 0.003742, 0.2489, class-1
 105, 1088, 0.8307, 0.006248, 0.2183, 0.02007, 0.03374, 0.01158, 0.1491, 0.3444, 0.1887, 0.05196, 1670, 0.1064, 0.06197, 0.1244, 0.00456, 0.6133, class-1
 41, 440.6, 0.4825, 0.005551, 0.2301, 0.02273, 0.03414, 0.01044, 0.1637, 0.4761, 0.1516, 0.04205, 888.7, 0.1109, 0.07799, 0.05182, 0.005667, 0.6956, class-1
 67.78, 899.3, 0.6009, 0.008268, 0.2248, 0.02102, 0.03082, 0.01112, 0.1634, 0.353, 0.1496, 0.05042, 1344, 0.1197, 0.06382, 0.1203, 0.003854, 0.5588, class-1
 68.17, 1162, 0.5558, 0.005015, 0.1853, 0.01543, 0.03318, 0.009643, 0.1509, 0.3672, 0.1719, 0.03497, 1813, 0.09401, 0.06261, 0.07593, 0.003896, 0.6091, class-1
 35.03, 807.2, 0.334, 0.004185, 0.1998, 0.01703, 0.02868, 0.009067, 0.1446, 0.427, 0.1559, 0.02664, 1261, 0.104, 0.06515, 0.07752, 0.003817, 0.5274, class-1
 45.19, 869.5, 0.4615, 0.005776, 0.1896, 0.02789, 0.02499, 0.01195, 0.1563, 0.4863, 0.1336, 0.03695, 1229, 0.0961, 0.05656, 0.06018, 0.002665, 0.5409, class-1
 24.91, 633, 0.286, 0.005878, 0.1885, 0.02028, 0.02995, 0.01161, 0.1446, 0.3591, 0.1098, 0.04815, 799.6, 0.09823, 0.06125, 0.05598, 0.004022, 0.5186, class-1
 14.16, 523.8, 0.1839, 0.004352, 0.1467, 0.02671, 0.004899, 0.01164, 0.09701, 0.1987, 0.03766, 0.01343, 545.9, 0.08983, 0.05863, 0.02923, 0.001777, 0.04833, class-2
 106, 698.8, 1.214, 0.006883, 0.1565, 0.007882, 0.01094, 0.01917, 0.09387, 0.1565, 0.05131, 0.01818, 698.8, 0.09387, 0.05504, 0.02899, 0.001754, 0.02398, class-1
 18.52, 559.2, 0.213, 0.005367, 0.172, 0.01377, 0.02239, 0.01262, 0.161, 0.2807, 0.1255, 0.03049, 740.4, 0.1016, 0.06419, 0.05439, 0.003187, 0.503, class-1
 20.53, 563, 0.2385, 0.00328, 0.1784, 0.0138, 0.01102, 0.006881, 0.1094, 0.2994, 0.06031, 0.0139, 787.9, 0.08162, 0.05587, 0.02031, 0.001286, 0.2085, class-1
 16.97, 371.1, 0.2366, 0.008064, 0.1895, 0.01357, 0.01764, 0.01037, 0.1909, 0.2964, 0.1218, 0.02595, 514, 0.1227, 0.0687, 0.05669, 0.00304, 0.4023, class-1
 104.9, 1104, 0.9811, 0.006548, 0.231, 0.05333, 0.1006, 0.02638, 0.1247, 0.467, 0.219, 0.09723, 1651, 0.09081, 0.06343, 0.09961, 0.007646, 0.7242, class-1
 31.33, 545.2, 0.3704, 0.005072, 0.1974, 0.01719, 0.02147, 0.00956, 0.153, 0.3739, 0.1436, 0.02185, 907.2, 0.1041, 0.06782, 0.06158, 0.003317, 0.3664, class-1
 14.49, 531.5, 0.1938, 0.00335, 0.1746, 0.01113, 0.01384, 0.006853, 0.1503, 0.3693, 0.1047, 0.01452, 740.7, 0.09714, 0.06177, 0.05252, 0.00172, 0.3728, class-1
 71.56, 1076, 0.6289, 0.006294, 0.1907, 0.02428, 0.03994, 0.01695, 0.1679, 0.3799, 0.1686, 0.05554, 1567, 0.1099, 0.06049, 0.1009, 0.003535, 0.7345, class-1
 8.205, 201.9, 0.1563, 0.008968, 0.1769, 0.02574, 0.01646, 0.005917, 0.1297, 0.3105, 0.05943, 0.01588, 242.2, 0.086, 0.06503, 0.005917, 0.002582, 0.0688, class-2
 24.25, 534.6, 0.2871, 0.006532, 0.2128, 0.01743, 0.02336, 0.01215, 0.1786, 0.39, 0.1231, 0.02905, 759.4, 0.1158, 0.06777, 0.0734, 0.003643, 0.5006, class-1
 19.87, 449.3, 0.2636, 0.005488, 0.1675, 0.01428, 0.01427, 0.00566, 0.1494, 0.2747, 0.09092, 0.02322, 582.6, 0.1031, 0.06043, 0.02749, 0.002422, 0.305, class-2
 20.2, 561, 0.2338, 0.004455, 0.1809, 0.01641, 0.01382, 0.01184, 0.1162, 0.2871, 0.07698, 0.02095, 698.8, 0.08752, 0.05718, 0.03384, 0.001956, 0.2282, class-2
 28.47, 427.9, 0.4062, 0.005857, 0.1495, 0.02406, 0.009758, 0.007445, 0.1085, 0.2433, 0.04966, 0.01168, 516.5, 0.08637, 0.05888, 0.01115, 0.001769, 0.05523, class-2
 14.55, 571.8, 0.1872, 0.004477, 0.1353, 0.01325, 0.01177, 0.007956, 0.1089, 0.2346, 0.06059, 0.01079, 656.7, 0.07685, 0.05953, 0.01723, 0.002551, 0.105, class-2
 17.47, 437.6, 0.2273, 0.00721, 0.1868, 0.01996, 0.00838, 0.008, 0.1144, 0.2785, 0.04751, 0.01311, 527.2, 0.08261, 0.0611, 0.01349, 0.002635, 0.09203, class-2
 98.81, 1033, 0.8337, 0.003899, 0.2092, 0.02674, 0.02961, 0.009222, 0.128, 0.3021, 0.1485, 0.02817, 1321, 0.1148, 0.0631, 0.106, 0.005126, 0.2623, class-1
 29.91, 712.8, 0.3105, 0.004675, 0.1616, 0.01095, 0.0103, 0.009222, 0.1389, 0.2675, 0.07081, 0.01603, 1030, 0.09056, 0.05684, 0.03334, 0.001629, 0.2712, class-1
 23.47, 409, 0.3249, 0.008328, 0.192, 0.03218, 0.008722, 0.00867, 0.1249, 0.3306, 0.05473, 0.01349, 506.2, 0.09524, 0.05907, 0.02278, 0.002386, 0.09076, class-2
 102.5, 1152, 0.7275, 0.006458, 0.1917, 0.01852, 0.02306, 0.01538, 0.1624, 0.3537, 0.1267, 0.02945, 2145, 0.1053, 0.05961, 0.08994, 0.002608, 0.3879, class-1
 40.09, 656.9, 0.4226, 0.003659, 0.2027, 0.01817, 0.02855, 0.01272, 0.1368, 0.3698, 0.1365, 0.02572, 985.5, 0.1137, 0.06758, 0.08123, 0.004108, 0.3587, class-1
 32.96, 527.2, 0.404, 0.007491, 0.1819, 0.0219, 0.008593, 0.004167, 0.1021, 0.2439, 0.03789, 0.000692, 624.1, 0.0806, 0.05501, 0.004167, 0.00299, 0.001845, class-2
 8.322, 224.5, 0.1559, 0.01011, 0.1683, 0.0209, 0.01055, 0.005742, 0.1733, 0.322, 0.05272, 0.01981, 274.9, 0.09752, 0.07187, 0.007799, 0.002788, 0.1168, class-2
 34.62, 311.9, 0.5158, 0.007514, 0.2743, 0.04183, 0.01099, 0.008193, 0.1275, 0.3557, 0.08061, 0.007665, 368.6, 0.1134, 0.0696, 0.0129, 0.005953, 0.02168, class-2
 18.39, 221.8, 0.3582, 0.01193, 0.1828, 0.03357, 0.03162, 0.009259, 0.1639, 0.2972, 0.08963, 0.03, 273.9, 0.1243, 0.06757, 0.009259, 0.003048, 0.09001, class-2
 60.78, 645.7, 0.7036, 0.009407, 0.1949, 0.017, 0.07056, 0.01848, 0.164, 0.2844, 0.2008, 0.06899, 959.5, 0.1049, 0.07292, 0.08653, 0.006113, 0.6922, class-1
 23.52, 260.9, 0.4098, 0.008738, 0.2341, 0.04192, 0.03938, 0.0156, 0.09836, 0.3282, 0.08751, 0.04312, 310.1, 0.07721, 0.06963, 0.0218, 0.005822, 0.1397, class-2
 36.46, 499, 0.4255, 0.007781, 0.1905, 0.01635, 0.02648, 0.0129, 0.1851, 0.3383, 0.1262, 0.02973, 888.3, 0.1122, 0.0659, 0.06873, 0.003601, 0.4024, class-1
 35.24, 668.3, 0.3577, 0.006703, 0.1953, 0.019, 0.0231, 0.01184, 0.1648, 0.3321, 0.1479, 0.02315, 925.1, 0.1172, 0.06654, 0.09029, 0.003224, 0.3024, class-1
 14.2, 269.4, 0.2351, 0.01052, 0.1717, 0.02279, 0.01755, 0.009333, 0.1548, 0.2878, 0.07773, 0.01714, 330.7, 0.1044, 0.06899, 0.01504, 0.004237, 0.09412, class-2
 18.15, 394.1, 0.2727, 0.009282, 0.1516, 0.02183, 0.009216, 0.008965, 0.129, 0.24, 0.04701, 0.02063, 466.7, 0.08139, 0.05667, 0.0223, 0.002146, 0.1444, class-2
 17.67, 250.5, 0.3274, 0.009549, 0.2111, 0.04197, 0.08606, 0.03322, 0.1482, 0.4228, 0.1413, 0.3038, 324.7, 0.1066, 0.08046, 0.04375, 0.009559, 1.252, class-2
 18.33, 502.5, 0.2368, 0.007962, 0.159, 0.02254, 0.005612, 0.008662, 0.1296, 0.2383, 0.05234, 0.01585, 554.9, 0.09831, 0.05653, 0.02864, 0.001906, 0.1039, class-2
 96.05, 1130, 0.7888, 0.004444, 0.1582, 0.01386, 0.01652, 0.0137, 0.1193, 0.2551, 0.1029, 0.02269, 1866, 0.09009, 0.05461, 0.07951, 0.001698, 0.2687, class-1
 25.44, 244, 0.5262, 0.01721, 0.1902, 0.02541, 0.09368, 0.01766, 0.1207, 0.2254, 0.1531, 0.05671, 284.4, 0.09783, 0.0898, 0.02872, 0.02193, 0.1434, class-2
 69.47, 929.4, 0.5907, 0.00582, 0.1927, 0.01527, 0.05616, 0.01127, 0.1585, 0.3313, 0.183, 0.04252, 1681, 0.1071, 0.06487, 0.07944, 0.006299, 0.6566, class-1
 23.35, 584.1, 0.2787, 0.004717, 0.1662, 0.0122, 0.02065, 0.009206, 0.1411, 0.2589, 0.128, 0.01759, 812.4, 0.1007, 0.06566, 0.05069, 0.00313, 0.2779, class-1
 19.68, 470.9, 0.2505, 0.004854, 0.172, 0.01386, 0.01819, 0.007965, 0.1176, 0.2618, 0.06829, 0.01826, 611.1, 0.09172, 0.05914, 0.02272, 0.002304, 0.1703, class-2
 79.25, 817.7, 0.7474, 0.01082, 0.1798, 0.0155, 0.02203, 0.01809, 0.15, 0.265, 0.08424, 0.035, 1223, 0.09168, 0.05391, 0.06638, 0.001948, 0.2829, class-1
 32.65, 559.2, 0.4101, 0.0134, 0.2403, 0.02572, 0.02839, 0.008239, 0.1451, 0.271, 0.1047, 0.01162, 605.5, 0.1291, 0.06641, 0.06556, 0.006164, 0.08539, class-2
 134.8, 1006, 0.9806, 0.00794, 0.2152, 0.02591, 0.05839, 0.0207, 0.1478, 0.3751, 0.2146, 0.04658, 1610, 0.1065, 0.06673, 0.108, 0.007054, 0.3786, class-1
 116.4, 1245, 0.9317, 0.01038, 0.2906, 0.07895, 0.06835, 0.02593, 0.1639, 0.544, 0.3454, 0.1091, 1623, 0.1286, 0.08142, 0.1604, 0.005987, 0.7681, class-1
 20.35, 506.3, 0.2655, 0.005293, 0.1718, 0.01748, 0.01661, 0.008179, 0.1289, 0.2779, 0.09546, 0.02071, 622.1, 0.09934, 0.05997, 0.02315, 0.002848, 0.1731, class-2
 24.62, 401.5, 0.3251, 0.01037, 0.1842, 0.01816, 0.01706, 0.007506, 0.1557, 0.2762, 0.09362, 0.02586, 525.1, 0.1102, 0.07005, 0.02233, 0.003976, 0.1755, class-2
 12.96, 520, 0.286, 0.006794, 0.1942, 0.02134, 0.03575, 0.01383, 0.1536, 0.3527, 0.1535, 0.0398, 614.9, 0.1078, 0.06902, 0.06987, 0.004603, 0.4858, class-2
 120, 1878, 0.8973, 0.008166, 0.1829, 0.01065, 0.05693, 0.0203, 0.1573, 0.2355, 0.2665, 0.0573, 2562, 0.1063, 0.06782, 0.1845, 0.005893, 0.6476, class-1
 67.1, 1132, 0.519, 0.007545, 0.1634, 0.03056, 0.0605, 0.01843, 0.1392, 0.2311, 0.1791, 0.02134, 1298, 0.1215, 0.07224, 0.1469, 0.01039, 0.2432, class-1
 16.16, 443.3, 0.2271, 0.005969, 0.2079, 0.01972, 0.01812, 0.007027, 0.1377, 0.3379, 0.07165, 0.02007, 567.9, 0.09723, 0.05968, 0.01863, 0.002607, 0.2267, class-2
 80.6, 1075, 0.6997, 0.006471, 0.2132, 0.0237, 0.01649, 0.0142, 0.1398, 0.3695, 0.1053, 0.02806, 1603, 0.09874, 0.06022, 0.08795, 0.003755, 0.3157, class-1
 38.87, 648.2, 0.4204, 0.009369, 0.2075, 0.02418, 0.02983, 0.01761, 0.1306, 0.302, 0.09947, 0.05371, 808.9, 0.09444, 0.05636, 0.04938, 0.003249, 0.3349, class-1
 57.65, 1076, 0.5495, 0.003872, 0.1953, 0.01964, 0.01842, 0.012, 0.1249, 0.3956, 0.1206, 0.0371, 1623, 0.09029, 0.05629, 0.08271, 0.003337, 0.5755, class-1
 20.95, 466.1, 0.2978, 0.007112, 0.193, 0.01958, 0.02493, 0.01293, 0.1304, 0.2972, 0.09445, 0.02703, 574.7, 0.08772, 0.06404, 0.03745, 0.004463, 0.2434, class-2
 42.76, 651.9, 0.5115, 0.005508, 0.2116, 0.02427, 0.04412, 0.01623, 0.1277, 0.3151, 0.1339, 0.04436, 803.6, 0.1132, 0.06346, 0.07064, 0.004841, 0.2604, class-2
 33.76, 662.7, 0.3721, 0.004868, 0.1685, 0.02085, 0.01818, 0.008606, 0.1115, 0.2522, 0.08606, 0.01121, 803.7, 0.08974, 0.05866, 0.02957, 0.002893, 0.09189, class-2
 29.44, 728.2, 0.3129, 0.009882, 0.1717, 0.02471, 0.02444, 0.01763, 0.1257, 0.2556, 0.1036, 0.04531, 830.9, 0.092, 0.06097, 0.07483, 0.002142, 0.2846, class-1
 36.35, 551.7, 0.4057, 0.004481, 0.1386, 0.01069, 0.01038, 0.01082, 0.1006, 0.2027, 0.05055, 0.01358, 830.6, 0.07355, 0.05318, 0.02648, 0.001435, 0.135, class-2
 25.22, 555.1, 0.295, 0.005884, 0.1638, 0.01884, 0.01491, 0.009366, 0.1339, 0.2678, 0.08165, 0.01872, 699.4, 0.1022, 0.0571, 0.0278, 0.001817, 0.1381, class-2
 47.14, 705.6, 0.4768, 0.00925, 0.1855, 0.01498, 0.03715, 0.01851, 0.1551, 0.2834, 0.1553, 0.04867, 1025, 0.1039, 0.06284, 0.08815, 0.00352, 0.5203, class-1
 87.87, 1264, 0.7576, 0.006016, 0.2095, 0.02657, 0.03482, 0.01269, 0.119, 0.3689, 0.1313, 0.04232, 1750, 0.09078, 0.05649, 0.08683, 0.004411, 0.4098, class-1
 24.44, 451.1, 0.3661, 0.005433, 0.19, 0.0222, 0.01179, 0.01519, 0.114, 0.2227, 0.07057, 0.01131, 495.2, 0.1045, 0.06635, 0.02941, 0.003408, 0.0498, class-2
 20.05, 294.5, 0.335, 0.01113, 0.135, 0.01801, 0.01463, 0.00525, 0.1316, 0.1934, 0.05301, 0.005308, 366.1, 0.1024, 0.0689, 0.007937, 0.005667, 0.02049, class-2
 15.75, 412.6, 0.2315, 0.006153, 0.162, 0.01651, 0.0133, 0.006884, 0.1431, 0.2772, 0.07525, 0.01693, 512.5, 0.08983, 0.06582, 0.0335, 0.002551, 0.1922, class-2
 26.85, 642.5, 0.2895, 0.008005, 0.1879, 0.01462, 0.02895, 0.01424, 0.1431, 0.2718, 0.1141, 0.03321, 826.4, 0.09752, 0.0639, 0.05839, 0.004452, 0.3194, class-1
 43.14, 582.7, 0.4565, 0.005872, 0.1609, 0.01465, 0.01488, 0.009921, 0.1265, 0.2651, 0.08511, 0.02647, 906.5, 0.09488, 0.05871, 0.04489, 0.002355, 0.3169, class-1
 9.833, 143.5, 0.2241, 0.01019, 0.193, 0.02659, 0.01084, 0, 0.1584, 0.2932, 0.07568, 0, 185.2, 0.117, 0.07818, 0, 0.0041, 0, class-2
 14.68, 458.7, 0.1924, 0.00508, 0.1739, 0.01447, 0.006098, 0.006797, 0.1123, 0.2694, 0.04038, 0.01069, 547.8, 0.08013, 0.05677, 0.0177, 0.001532, 0.1145, class-2
 11.77, 298.3, 0.1803, 0.009058, 0.1945, 0.01609, 0.02196, 0.01112, 0.1559, 0.2622, 0.09697, 0.03029, 361.2, 0.1005, 0.06322, 0.03029, 0.00357, 0.2644, class-2
 23.13, 336.1, 0.355, 0.007595, 0.2217, 0.0271, 0.02219, 0.008614, 0.1219, 0.2826, 0.08578, 0.0288, 402.8, 0.09989, 0.06481, 0.01201, 0.003451, 0.07987, class-2
 34.66, 530.2, 0.3908, 0.007162, 0.1925, 0.01547, 0.02912, 0.01388, 0.1862, 0.3147, 0.1765, 0.05473, 827.2, 0.1398, 0.07692, 0.09601, 0.007098, 0.6376, class-1
 20.62, 412.5, 0.306, 0.00854, 0.1801, 0.01565, 0.0231, 0.01398, 0.1688, 0.2806, 0.1017, 0.02945, 521.7, 0.1142, 0.0652, 0.03485, 0.00384, 0.2873, class-2
 9.227, 466.7, 0.1199, 0.003457, 0.1602, 0.01251, 0.01047, 0.005558, 0.1184, 0.2983, 0.06815, 0.01167, 544.1, 0.08477, 0.06066, 0.01921, 0.001356, 0.1937, class-2
 170, 1509, 1.215, 0.006515, 0.2556, 0.03112, 0.08668, 0.0248, 0.1701, 0.4055, 0.2768, 0.104, 2360, 0.1326, 0.07039, 0.1823, 0.005037, 0.9608, class-1
 16.41, 396.5, 0.2344, 0.009113, 0.1487, 0.01568, 0.01557, 0.006435, 0.1699, 0.2829, 0.06575, 0.02443, 518.1, 0.08759, 0.06529, 0.01899, 0.002477, 0.312, class-2
 22.87, 290.2, 0.403, 0.01385, 0.1584, 0.03281, 0.02932, 0.01023, 0.1467, 0.2533, 0.08404, 0.02722, 367, 0.1037, 0.07065, 0.01778, 0.004638, 0.13, class-2
 20.48, 480.4, 0.3424, 0.01291, 0.1735, 0.02144, 0.04042, 0.02295, 0.1287, 0.2226, 0.1209, 0.05101, 527.4, 0.09933, 0.0707, 0.06021, 0.005891, 0.2216, class-2
 29.25, 629.9, 0.3628, 0.005298, 0.1704, 0.02566, 0.07446, 0.02292, 0.08949, 0.2398, 0.2233, 0.1435, 709, 0.07837, 0.07769, 0.07798, 0.01298, 0.6783, class-2
 19.91, 334.2, 0.3336, 0.01188, 0.1922, 0.02287, 0.03747, 0.01544, 0.13, 0.2383, 0.1303, 0.04591, 374.4, 0.1122, 0.07782, 0.03068, 0.006792, 0.1295, class-2
 8.966, 230.9, 0.1665, 0.008261, 0.1649, 0.01708, 0.02213, 0.0104, 0.1724, 0.2926, 0.08201, 0.03259, 284.4, 0.115, 0.07633, 0.01924, 0.003806, 0.2456, class-2
 24.79, 438.6, 0.3118, 0.007803, 0.1688, 0.01278, 0.02507, 0.007711, 0.15, 0.2438, 0.07849, 0.01835, 583, 0.09768, 0.06194, 0.02008, 0.003856, 0.1503, class-2
 16.94, 245.2, 0.3132, 0.01835, 0.1305, 0.02384, 0.0676, 0.02308, 0.1179, 0.1652, 0.1243, 0.09263, 270, 0.09462, 0.07163, 0.02308, 0.005601, 0.1544, class-2
 41.18, 682.5, 0.4266, 0.006985, 0.2157, 0.01602, 0.02563, 0.01271, 0.1878, 0.3585, 0.1649, 0.03011, 1095, 0.1162, 0.06768, 0.08923, 0.003884, 0.4704, class-1
 58.63, 782.6, 0.552, 0.008699, 0.2096, 0.01495, 0.03976, 0.0139, 0.1855, 0.3274, 0.1752, 0.0595, 1272, 0.1155, 0.07331, 0.09479, 0.005984, 0.7356, class-1
 54.04, 982, 0.5506, 0.004024, 0.2129, 0.05014, 0.008422, 0.009863, 0.1072, 0.4882, 0.06722, 0.02291, 1261, 0.08402, 0.05025, 0.05596, 0.001902, 0.2249, class-1
 10.5, 403.3, 0.1408, 0.00604, 0.1667, 0.01344, 0.01529, 0.00646, 0.1548, 0.3016, 0.06685, 0.01514, 510.5, 0.09373, 0.06113, 0.02623, 0.002206, 0.2102, class-2
 90.47, 1077, 0.7128, 0.008102, 0.1966, 0.02045, 0.02101, 0.01601, 0.1503, 0.2894, 0.11, 0.03342, 1549, 0.1054, 0.06213, 0.08665, 0.00457, 0.3272, class-1
 233, 1761, 1.509, 0.02333, 0.2655, 0.04547, 0.09806, 0.01822, 0.1696, 0.3222, 0.2867, 0.1278, 2073, 0.1447, 0.06877, 0.2012, 0.009875, 0.5803, class-1
 24.19, 640.7, 0.2929, 0.003818, 0.1856, 0.0191, 0.01276, 0.012, 0.1313, 0.2889, 0.1099, 0.02882, 745.5, 0.1101, 0.06402, 0.05778, 0.002808, 0.256, class-2
 14.66, 553.5, 0.1639, 0.005919, 0.1422, 0.01208, 0.0327, 0.01038, 0.1025, 0.2048, 0.07325, 0.04957, 632.1, 0.07115, 0.05823, 0.028, 0.004076, 0.3308, class-2
 17.91, 588.7, 0.2185, 0.004599, 0.1614, 0.01247, 0.009169, 0.004814, 0.1157, 0.2364, 0.06136, 0.009127, 725.9, 0.08785, 0.0589, 0.01141, 0.001708, 0.08115, class-2
 19.83, 572.6, 0.231, 0.004088, 0.1761, 0.01323, 0.01174, 0.00688, 0.1471, 0.347, 0.07862, 0.01796, 848.7, 0.09258, 0.0613, 0.03085, 0.001465, 0.3796, class-1
 81.23, 1138, 0.6896, 0.004428, 0.1946, 0.0203, 0.02731, 0.01361, 0.1021, 0.2841, 0.08028, 0.0404, 1538, 0.08217, 0.05044, 0.05627, 0.002686, 0.3207, class-1
 39.84, 674.5, 0.4309, 0.009006, 0.2001, 0.02353, 0.04185, 0.02258, 0.1386, 0.259, 0.1807, 0.03204, 762.6, 0.115, 0.06467, 0.08534, 0.004984, 0.196, class-2
 63.33, 1192, 0.4953, 0.005033, 0.2202, 0.01578, 0.03179, 0.01043, 0.1275, 0.3305, 0.1589, 0.04755, 1589, 0.1015, 0.06113, 0.1149, 0.003224, 0.5673, class-1
 15.24, 455.8, 0.2005, 0.006773, 0.188, 0.02662, 0.02456, 0.008094, 0.1427, 0.3469, 0.09509, 0.01018, 545.2, 0.1066, 0.06471, 0.02882, 0.004143, 0.09915, class-2
 48.31, 748.9, 0.4743, 0.00624, 0.1931, 0.01397, 0.01484, 0.01093, 0.1546, 0.2837, 0.1223, 0.02813, 1156, 0.1092, 0.05796, 0.08087, 0.002461, 0.3791, class-1
 43.68, 809.8, 0.4332, 0.004877, 0.216, 0.01535, 0.01952, 0.009231, 0.1395, 0.348, 0.1284, 0.02219, 1175, 0.1008, 0.05891, 0.05613, 0.002373, 0.2992, class-1
 27.94, 761.7, 0.3117, 0.005217, 0.1816, 0.01669, 0.01515, 0.01268, 0.1223, 0.2723, 0.09462, 0.01678, 922.8, 0.09462, 0.05723, 0.05933, 0.00233, 0.1709, class-2
 68.35, 1075, 0.5959, 0.006001, 0.1692, 0.01492, 0.01422, 0.009148, 0.1465, 0.3109, 0.09709, 0.02855, 1590, 0.0943, 0.05727, 0.06847, 0.002205, 0.3965, class-1
 19.87, 506.3, 0.2367, 0.007499, 0.1585, 0.01647, 0.01202, 0.00892, 0.1419, 0.2829, 0.05761, 0.02332, 653.6, 0.09055, 0.06065, 0.02704, 0.002629, 0.2177, class-1
 34.37, 423.6, 0.4489, 0.006578, 0.1339, 0.01359, 0.0138, 0.01307, 0.1271, 0.1712, 0.06095, 0.02662, 546.7, 0.1051, 0.05945, 0.026, 0.003707, 0.1046, class-2
 12.67, 399.8, 0.1759, 0.005133, 0.1734, 0.01501, 0.01521, 0.008602, 0.119, 0.2676, 0.06889, 0.01434, 462, 0.09639, 0.05865, 0.02875, 0.001588, 0.1399, class-2
 101.9, 678.1, 1.296, 0.01, 0.1957, 0.05168, 0.0348, 0.02801, 0.1411, 0.3414, 0.1305, 0.06577, 971.4, 0.1167, 0.06216, 0.08624, 0.002887, 0.3355, class-1
 26.33, 384.8, 0.3384, 0.01127, 0.1771, 0.0158, 0.03498, 0.01965, 0.1367, 0.2102, 0.1136, 0.02187, 434, 0.1164, 0.06072, 0.04796, 0.003442, 0.08669, class-2
 12.26, 288.5, 0.1988, 0.00604, 0.1903, 0.02277, 0.005656, 0, 0.1234, 0.3105, 0.04102, 0, 342.9, 0.0925, 0.06422, 0, 0.00322, 0, class-2
 74.08, 813, 0.7049, 0.00677, 0.1861, 0.01875, 0.01938, 0.01167, 0.1314, 0.2792, 0.1137, 0.03067, 1233, 0.09721, 0.06248, 0.05943, 0.003434, 0.2802, class-1
 21.38, 398, 0.2843, 0.006664, 0.1645, 0.02282, 0.01735, 0.00952, 0.1413, 0.2584, 0.09486, 0.01158, 503, 0.1092, 0.06562, 0.01861, 0.003526, 0.07708, class-2
 16.64, 512.2, 0.2143, 0.005324, 0.1778, 0.02104, 0.01563, 0.007584, 0.1312, 0.3549, 0.09509, 0.0151, 643.8, 0.08677, 0.06235, 0.03088, 0.001887, 0.209, class-2
 17.74, 355.3, 0.2525, 0.006547, 0.1399, 0.01671, 0.01781, 0.005612, 0.1076, 0.23, 0.05139, 0.02018, 441.2, 0.07793, 0.05688, 0.007875, 0.00236, 0.09755, class-2
 25.03, 432.8, 0.3962, 0.01017, 0.1995, 0.03127, 0.04741, 0.0111, 0.1424, 0.2727, 0.1296, 0.02789, 509.6, 0.1152, 0.07839, 0.03003, 0.009423, 0.0942, class-2
 24.72, 432, 0.3197, 0.005427, 0.2678, 0.05628, 0.03633, 0.01843, 0.1385, 0.5774, 0.17, 0.04649, 591.7, 0.1091, 0.07371, 0.07415, 0.004635, 0.4504, class-1
 39.43, 689.5, 0.422, 0.00579, 0.1744, 0.03356, 0.04877, 0.01527, 0.0997, 0.2852, 0.1167, 0.05303, 809.7, 0.08138, 0.06493, 0.03562, 0.009368, 0.25, class-2
 21.2, 640.1, 0.2406, 0.005706, 0.1724, 0.01454, 0.02297, 0.01493, 0.1316, 0.2691, 0.1021, 0.03114, 766.9, 0.0997, 0.06081, 0.05532, 0.002528, 0.3103, class-2
 21.47, 585, 0.25, 0.002838, 0.1473, 0.01329, 0.01592, 0.005828, 0.09711, 0.235, 0.06376, 0.0178, 725.9, 0.07944, 0.0558, 0.01329, 0.001976, 0.1564, class-2
 34.78, 519.4, 0.4202, 0.007017, 0.254, 0.02951, 0.01142, 0.01153, 0.1297, 0.3196, 0.07589, 0.01949, 616.7, 0.1135, 0.06087, 0.02645, 0.001533, 0.08112, class-2
 10.21, 203.9, 0.1935, 0.01243, 0.2222, 0.02309, 0.05416, 0.01022, 0.163, 0.3322, 0.1305, 0.07753, 249.8, 0.09405, 0.08261, 0.02168, 0.01178, 0.5381, class-2
 49.85, 300.2, 0.8245, 0.01097, 0.2548, 0.03546, 0.09586, 0.05279, 0.1292, 0.3108, 0.1599, 0.396, 380.5, 0.1072, 0.09296, 0.07857, 0.02984, 0.8216, class-2
 15.48, 381.9, 0.2251, 0.009019, 0.183, 0.02388, 0.008985, 0.008232, 0.1341, 0.2859, 0.05113, 0.01196, 440.8, 0.09754, 0.06105, 0.01786, 0.001619, 0.07116, class-2
 22.79, 538.9, 0.271, 0.008584, 0.1822, 0.02769, 0.02017, 0.009536, 0.1478, 0.3849, 0.08498, 0.03047, 677.3, 0.09384, 0.06207, 0.03483, 0.003479, 0.3009, class-2
 16.51, 460.3, 0.22, 0.005518, 0.197, 0.01799, 0.01562, 0.007924, 0.1217, 0.3113, 0.06679, 0.01994, 564.2, 0.08654, 0.06228, 0.02331, 0.002484, 0.1943, class-2
 93.91, 963.7, 0.8113, 0.009037, 0.1971, 0.01778, 0.04954, 0.01841, 0.1418, 0.2463, 0.1665, 0.05206, 1302, 0.1115, 0.06166, 0.1054, 0.004968, 0.3583, class-1
 46.61, 880.2, 0.4789, 0.003443, 0.1844, 0.0152, 0.02661, 0.0111, 0.08774, 0.2527, 0.07223, 0.03056, 1032, 0.07445, 0.05268, 0.02771, 0.001519, 0.1882, class-2
 13.25, 448.6, 0.1822, 0.005528, 0.159, 0.01465, 0.009789, 0.006273, 0.1275, 0.2514, 0.05241, 0.008342, 532.8, 0.09311, 0.05907, 0.01963, 0.00253, 0.08636, class-2
 18.54, 366.8, 0.2818, 0.006142, 0.1442, 0.01637, 0.006134, 0.003576, 0.1171, 0.2738, 0.03718, 0.001835, 470, 0.07515, 0.05743, 0.006588, 0.002665, 0.01854, class-2
 38.34, 419.8, 0.5018, 0.009433, 0.1993, 0.03397, 0.02405, 0.01152, 0.1358, 0.3168, 0.1141, 0.04167, 543.9, 0.1089, 0.06453, 0.03738, 0.005061, 0.1956, class-2
 119.3, 1157, 1, 0.009406, 0.1741, 0.03156, 0.03055, 0.02794, 0.1124, 0.2443, 0.1185, 0.04344, 1495, 0.08694, 0.05176, 0.09667, 0.003362, 0.2264, class-1
 97.07, 1214, 0.7364, 0.004057, 0.2027, 0.01686, 0.02277, 0.01303, 0.1438, 0.3643, 0.1666, 0.04029, 2232, 0.112, 0.06082, 0.1286, 0.003318, 0.681, class-1
 21.55, 464.5, 0.2949, 0.01134, 0.1551, 0.01879, 0.03175, 0.01135, 0.1452, 0.2268, 0.1015, 0.03125, 553, 0.1012, 0.06761, 0.02822, 0.005348, 0.1688, class-2
 97.85, 1686, 0.6642, 0.00491, 0.1801, 0.01956, 0.02544, 0.01623, 0.1228, 0.3589, 0.1145, 0.02822, 2403, 0.08439, 0.05553, 0.09702, 0.00374, 0.3948, class-1
 16.64, 690.2, 0.184, 0.003634, 0.1515, 0.01924, 0.007983, 0.006432, 0.1045, 0.2646, 0.05352, 0.008268, 782.1, 0.08421, 0.05266, 0.01939, 0.00152, 0.0775, class-2
 11.48, 357.6, 0.1728, 0.007809, 0.1381, 0.01254, 0.009816, 0.005344, 0.1436, 0.209, 0.05736, 0.01099, 414, 0.09594, 0.064, 0.01698, 0.00212, 0.1047, class-2
 67.34, 886.3, 0.599, 0.006123, 0.1893, 0.02091, 0.0247, 0.01604, 0.1168, 0.281, 0.09182, 0.02626, 1260, 0.08865, 0.05534, 0.06576, 0.003493, 0.2318, class-1
 122.3, 984.6, 1.088, 0.006174, 0.1538, 0.01145, 0.03634, 0.01569, 0.1376, 0.216, 0.1603, 0.04644, 1660, 0.1049, 0.06365, 0.1043, 0.00512, 0.489, class-1
 24.28, 685.9, 0.2713, 0.00508, 0.178, 0.0135, 0.0137, 0.009073, 0.1216, 0.2404, 0.07885, 0.007276, 793.7, 0.09855, 0.0565, 0.03781, 0.001706, 0.06648, class-2
 17.43, 464.1, 0.236, 0.008045, 0.1959, 0.01924, 0.0118, 0.01241, 0.1385, 0.2827, 0.06981, 0.01683, 549.1, 0.1028, 0.05955, 0.037, 0.002248, 0.1242, class-2
 43.4, 565.4, 0.4697, 0.006003, 0.1598, 0.0152, 0.01063, 0.009443, 0.1401, 0.2884, 0.06288, 0.02151, 993.6, 0.09048, 0.05671, 0.03438, 0.001868, 0.2644, class-1
 44.64, 736.9, 0.4209, 0.005393, 0.1966, 0.01792, 0.02321, 0.0132, 0.1531, 0.3216, 0.1555, 0.04303, 1102, 0.1257, 0.07069, 0.1097, 0.004168, 0.583, class-1
 19.08, 372.7, 0.2073, 0.01496, 0.1566, 0.03082, 0.02121, 0.01583, 0.1216, 0.1902, 0.05743, 0.01453, 396.5, 0.1006, 0.06669, 0.02583, 0.004785, 0.03938, class-2
 21.98, 349.6, 0.3309, 0.008713, 0.1928, 0.03265, 0.01017, 0, 0.1076, 0.271, 0.04302, 0, 408.3, 0.08792, 0.05975, 0, 0.001002, 0, class-2
 11.36, 227.2, 0.2204, 0.009172, 0.1722, 0.02711, 0.008007, 0, 0.1162, 0.2592, 0.04276, 0, 259.2, 0.09138, 0.06724, 0, 0.003399, 0, class-2
 27.48, 302.4, 0.4311, 0.01286, 0.1669, 0.0388, 0.08808, 0.0246, 0.1301, 0.2614, 0.1294, 0.1197, 390.2, 0.09699, 0.08116, 0.03716, 0.01792, 0.3486, class-2
 31.59, 832.9, 0.3037, 0.006627, 0.1794, 0.01682, 0.04094, 0.01813, 0.1415, 0.3054, 0.1556, 0.05371, 981.2, 0.09831, 0.06323, 0.08866, 0.004584, 0.5862, class-1
 14.34, 526.4, 0.1731, 0.003418, 0.1395, 0.01613, 0.002252, 0.001852, 0.08125, 0.2295, 0.01938, 0.001595, 608.8, 0.06251, 0.05234, 0.001852, 0.0009683, 0.007977, class-2
 21.79, 508.8, 0.2889, 0.008534, 0.1466, 0.01065, 0.006364, 0.007408, 0.1162, 0.1783, 0.03774, 0.00618, 570.7, 0.08739, 0.06133, 0.0133, 0.003351, 0.02758, class-2
 128.7, 2250, 0.8361, 0.004631, 0.18, 0.01575, 0.02537, 0.01241, 0.1472, 0.2856, 0.1914, 0.03109, 3216, 0.1094, 0.0577, 0.1878, 0.002747, 0.534, class-1
 81.46, 1311, 0.6298, 0.004253, 0.2395, 0.01798, 0.04759, 0.01567, 0.1491, 0.4098, 0.2832, 0.03872, 2089, 0.1141, 0.07398, 0.1496, 0.005295, 0.678, class-1
 40.98, 766.6, 0.3699, 0.004626, 0.1618, 0.01547, 0.02263, 0.009767, 0.1414, 0.3437, 0.08799, 0.01954, 1269, 0.09597, 0.05549, 0.05189, 0.00243, 0.2902, class-1
 22.77, 402, 0.3344, 0.007356, 0.1167, 0.02165, 0.03728, 0.01712, 0.1121, 0.1811, 0.08155, 0.05915, 467.2, 0.09059, 0.06217, 0.02361, 0.004784, 0.1648, class-2
 19.53, 710.6, 0.2054, 0.00329, 0.1727, 0.01172, 0.01395, 0.006009, 0.1301, 0.3175, 0.1052, 0.01774, 973.1, 0.09057, 0.06317, 0.03263, 0.002575, 0.363, class-1
 26.43, 317.5, 0.4245, 0.01439, 0.1703, 0.02538, 0.012, 0.002404, 0.1521, 0.2933, 0.04695, 0.001597, 437, 0.09267, 0.06048, 0.002404, 0.00347, 0.00692, class-2
 28.92, 1041, 0.2577, 0.002866, 0.1621, 0.01069, 0.009181, 0.006719, 0.1234, 0.3206, 0.08468, 0.01412, 1410, 0.08588, 0.05425, 0.05814, 0.001087, 0.3538, class-1
 17.86, 420.3, 0.2451, 0.006905, 0.1516, 0.01897, 0.008704, 0.01185, 0.1323, 0.2572, 0.06141, 0.01978, 521.5, 0.09774, 0.06095, 0.03239, 0.001671, 0.1521, class-2
 14.47, 428.9, 0.1859, 0.007831, 0.1718, 0.03139, 0.008776, 0.00624, 0.1356, 0.32, 0.05562, 0.01556, 489.5, 0.1007, 0.0578, 0.01553, 0.001988, 0.08803, class-2
 18.32, 463.7, 0.2382, 0.005996, 0.1667, 0.02025, 0.02212, 0.006433, 0.1096, 0.2482, 0.07253, 0.02117, 546.7, 0.0808, 0.05474, 0.01654, 0.001725, 0.1423, class-2
 31.72, 609.9, 0.286, 0.00797, 0.2384, 0.05113, 0.1354, 0.01666, 0.1533, 0.5166, 0.2413, 0.1166, 762.4, 0.1075, 0.07542, 0.06618, 0.01172, 0.8488, class-1
 53.65, 507.4, 0.7311, 0.004571, 0.1694, 0.03373, 0.0179, 0.01757, 0.09388, 0.2179, 0.06601, 0.02176, 579.5, 0.08749, 0.06287, 0.02864, 0.005875, 0.05186, class-2
 21.69, 288.1, 0.3539, 0.001713, 0.1653, 0.03799, 0.006736, 0, 0.07117, 0.1909, 0.02344, 0, 303.8, 0.0695, 0.06447, 0, 0.001688, 0, class-2
 34.44, 477.4, 0.4053, 0.009098, 0.1943, 0.01878, 0.03845, 0.01321, 0.1785, 0.3215, 0.1353, 0.03763, 768.9, 0.1034, 0.06937, 0.04562, 0.005672, 0.4425, class-1
 25.2, 671.4, 0.2796, 0.008081, 0.1737, 0.02545, 0.05122, 0.01883, 0.1316, 0.3, 0.198, 0.05551, 784.7, 0.1044, 0.06672, 0.08878, 0.004312, 0.4589, class-1
 15.75, 516.4, 0.1942, 0.005298, 0.1829, 0.01853, 0.01587, 0.00842, 0.1097, 0.3024, 0.05366, 0.02321, 600.6, 0.07941, 0.05667, 0.02377, 0.002152, 0.1764, class-2
 49.7, 588.9, 0.6191, 0.0138, 0.1834, 0.02689, 0.03348, 0.0206, 0.1737, 0.308, 0.1267, 0.04665, 806.9, 0.12, 0.06877, 0.06526, 0.004306, 0.3809, class-1
 76.36, 1024, 0.6362, 0.00553, 0.177, 0.0214, 0.05296, 0.01444, 0.08822, 0.2369, 0.08642, 0.0611, 1228, 0.07371, 0.0534, 0.05778, 0.005036, 0.2535, class-1
 54.22, 1148, 0.4357, 0.005524, 0.1767, 0.01415, 0.03698, 0.01221, 0.1322, 0.3193, 0.1428, 0.02706, 1688, 0.08523, 0.05529, 0.06772, 0.003397, 0.3865, class-1
 19.42, 642.7, 0.2092, 0.004044, 0.195, 0.01522, 0.01597, 0.007303, 0.1552, 0.4753, 0.1206, 0.02, 1044, 0.09872, 0.06466, 0.0598, 0.001976, 0.4967, class-1
 27.24, 461, 0.3534, 0.007514, 0.1979, 0.01503, 0.01779, 0.0114, 0.1429, 0.2668, 0.08087, 0.01401, 638.4, 0.09586, 0.06013, 0.04107, 0.003338, 0.1377, class-2
 40.73, 951.6, 0.3971, 0.00609, 0.1506, 0.01594, 0.02569, 0.01345, 0.1381, 0.2928, 0.1198, 0.02713, 1239, 0.08968, 0.05491, 0.07488, 0.002658, 0.3508, class-1
 83.16, 1685, 0.5539, 0.009327, 0.22, 0.02175, 0.05121, 0.02465, 0.1536, 0.3198, 0.2084, 0.08958, 1986, 0.1141, 0.06229, 0.162, 0.005195, 0.7892, class-1
 52.72, 597.8, 0.5648, 0.008824, 0.2251, 0.01998, 0.03108, 0.01291, 0.2226, 0.4432, 0.1768, 0.03112, 1153, 0.1323, 0.07421, 0.09176, 0.004506, 0.4646, class-1
 30.29, 481.9, 0.3961, 0.006953, 0.1925, 0.01782, 0.01911, 0.01037, 0.1426, 0.3014, 0.1058, 0.02701, 677.9, 0.09965, 0.06373, 0.03821, 0.003586, 0.2671, class-2
 26.44, 716.6, 0.2711, 0.005472, 0.1594, 0.01523, 0.01919, 0.00826, 0.1491, 0.3415, 0.09588, 0.02039, 989.5, 0.08876, 0.05986, 0.04079, 0.002881, 0.3327, class-1
 12.33, 295.4, 0.2137, 0.009719, 0.1934, 0.0221, 0.01249, 0.007527, 0.1415, 0.2989, 0.07232, 0.007975, 331.6, 0.1089, 0.06285, 0.01952, 0.002472, 0.06213, class-2
 68.46, 904.3, 0.5858, 0.005038, 0.2026, 0.02294, 0.01503, 0.01123, 0.1111, 0.3275, 0.07304, 0.01946, 1210, 0.08772, 0.05223, 0.0539, 0.002581, 0.1932, class-1
 15.09, 529.4, 0.1931, 0.005251, 0.185, 0.02514, 0.03041, 0.008304, 0.1349, 0.4128, 0.1483, 0.02526, 639.3, 0.1002, 0.0731, 0.05102, 0.004198, 0.3162, class-2
 20, 725.5, 0.2134, 0.004291, 0.1359, 0.009539, 0.01236, 0.007373, 0.1222, 0.232, 0.0623, 0.01841, 932.7, 0.08182, 0.05526, 0.03157, 0.001656, 0.2962, class-2
 111.7, 1290, 0.8601, 0.008124, 0.1765, 0.03176, 0.03611, 0.02765, 0.1178, 0.2909, 0.1348, 0.05489, 1656, 0.0909, 0.05024, 0.09561, 0.002365, 0.3861, class-1
 17.12, 428, 0.2222, 0.005517, 0.1533, 0.01616, 0.01727, 0.006747, 0.128, 0.2535, 0.069, 0.02045, 546.3, 0.08871, 0.06057, 0.01393, 0.002922, 0.1471, class-2
 525.6, 2499, 2.873, 0.01345, 0.1648, 0.04783, 0.02772, 0.01407, 0.1142, 0.1648, 0.1516, 0.06389, 2499, 0.1142, 0.05525, 0.1595, 0.004476, 0.3201, class-1
 58.53, 948, 0.5296, 0.03113, 0.1308, 0.02175, 0.08555, 0.03927, 0.1243, 0.1603, 0.1146, 0.1438, 1021, 0.1006, 0.05866, 0.06597, 0.01256, 0.2803, class-1
 31, 610.7, 0.4207, 0.01088, 0.2235, 0.04499, 0.0371, 0.01627, 0.1559, 0.4724, 0.1306, 0.03688, 811.3, 0.09463, 0.06433, 0.06462, 0.004768, 0.3744, class-1
 22.69, 578.9, 0.2563, 0.00596, 0.2106, 0.01939, 0.03438, 0.01435, 0.146, 0.363, 0.1517, 0.03909, 750.1, 0.1026, 0.06916, 0.05602, 0.00456, 0.4636, class-1
 21.46, 432.2, 0.2963, 0.008872, 0.1967, 0.02793, 0.04192, 0.01785, 0.1405, 0.3397, 0.1154, 0.05946, 531.2, 0.09363, 0.06314, 0.03142, 0.004775, 0.2806, class-2
 22.79, 321.2, 0.3567, 0.00468, 0.1964, 0.0256, 0.0312, 0.01071, 0.09527, 0.2868, 0.05907, 0.05774, 403.7, 0.08054, 0.06315, 0.01071, 0.004613, 0.1925, class-2
 124.4, 1230, 0.9553, 0.006804, 0.2094, 0.01897, 0.03169, 0.01712, 0.1353, 0.307, 0.1306, 0.03446, 2009, 0.09383, 0.05581, 0.08691, 0.004045, 0.3617, class-1
 109.9, 1223, 0.7392, 0.005539, 0.1428, 0.01332, 0.02644, 0.01078, 0.1408, 0.2713, 0.113, 0.02664, 2477, 0.0842, 0.05313, 0.06637, 0.002256, 0.3995, class-1
 17.4, 568.9, 0.2102, 0.004133, 0.136, 0.01371, 0.01695, 0.006659, 0.1311, 0.238, 0.08711, 0.01652, 706.2, 0.09646, 0.06344, 0.02563, 0.002735, 0.1759, class-2
 21.03, 561.3, 0.2569, 0.005851, 0.1962, 0.01842, 0.02314, 0.00836, 0.1376, 0.3065, 0.1192, 0.02544, 686.6, 0.1051, 0.06303, 0.04451, 0.002918, 0.2577, class-2
 15.05, 313.1, 0.2467, 0.007899, 0.191, 0.02637, 0.014, 0.007624, 0.1406, 0.3055, 0.08502, 0.008534, 375.6, 0.1061, 0.06908, 0.01915, 0.003761, 0.06572, class-2
 32.19, 761.3, 0.3473, 0.004766, 0.1935, 0.01772, 0.02374, 0.008637, 0.1552, 0.3993, 0.1204, 0.02384, 1088, 0.1025, 0.06303, 0.06462, 0.003131, 0.3976, class-1
 24.68, 546.4, 0.2927, 0.006032, 0.1496, 0.01482, 0.01104, 0.009057, 0.1276, 0.2506, 0.04994, 0.02259, 708.8, 0.08445, 0.05674, 0.02456, 0.002496, 0.1786, class-2
 48.29, 641.2, 0.522, 0.007089, 0.2075, 0.02266, 0.01428, 0.01286, 0.1297, 0.3062, 0.07624, 0.0236, 873.2, 0.09906, 0.05448, 0.04603, 0.001463, 0.1632, class-2
 11.86, 329.6, 0.1913, 0.006513, 0.1788, 0.01502, 0.008061, 0.004972, 0.1341, 0.2615, 0.07722, 0.002817, 395.4, 0.1053, 0.0645, 0.01216, 0.002821, 0.02639, class-2
 19.88, 684.5, 0.2318, 0.004119, 0.1881, 0.01391, 0.03207, 0.01155, 0.1136, 0.2954, 0.1096, 0.03644, 808.2, 0.08371, 0.05907, 0.0378, 0.003204, 0.3402, class-2
 18.51, 496.4, 0.2449, 0.005169, 0.1514, 0.01365, 0.02294, 0.008691, 0.1227, 0.2826, 0.07529, 0.03016, 624, 0.07903, 0.06019, 0.02036, 0.003407, 0.3911, class-2
 25.13, 503.2, 0.3061, 0.006983, 0.2123, 0.0168, 0.03858, 0.01499, 0.1777, 0.3407, 0.1799, 0.04683, 706, 0.1088, 0.07254, 0.06861, 0.005617, 0.6282, class-1
 31.98, 895, 0.2959, 0.005532, 0.2131, 0.01177, 0.02008, 0.01384, 0.1703, 0.3109, 0.1572, 0.03055, 1189, 0.1141, 0.06325, 0.109, 0.002336, 0.5018, class-1
 8.605, 395.7, 0.121, 0.003653, 0.1869, 0.01537, 0.01647, 0.003125, 0.09203, 0.2849, 0.03813, 0.01633, 452.3, 0.06883, 0.05628, 0.003125, 0.002052, 0.1089, class-2
 15.46, 386.8, 0.2239, 0.004359, 0.1845, 0.01916, 0.006813, 0.003419, 0.09994, 0.2911, 0.03574, 0.003223, 470.9, 0.0778, 0.05828, 0.006434, 0.002534, 0.02318, class-2
 70.01, 1319, 0.524, 0.00502, 0.1448, 0.01298, 0.02062, 0.01091, 0.1223, 0.2437, 0.1074, 0.03457, 1872, 0.09159, 0.05592, 0.0834, 0.002887, 0.4146, class-1
 12.64, 279.6, 0.2152, 0.01164, 0.1551, 0.02383, 0.0104, 0.009623, 0.1504, 0.2757, 0.04087, 0.01186, 335.9, 0.08464, 0.06403, 0.01667, 0.00354, 0.07161, class-2
 22.07, 603.4, 0.2589, 0.007389, 0.1517, 0.01263, 0.01383, 0.01004, 0.1287, 0.2226, 0.06945, 0.007302, 715.5, 0.0907, 0.05835, 0.01896, 0.002925, 0.06231, class-2
 155.8, 1670, 1.058, 0.006428, 0.1909, 0.0159, 0.02863, 0.01716, 0.1481, 0.3103, 0.1682, 0.04497, 2944, 0.09509, 0.06309, 0.1237, 0.003053, 0.582, class-1
 83.5, 1306, 0.6874, 0.007959, 0.1467, 0.01341, 0.03133, 0.01671, 0.1228, 0.2238, 0.08348, 0.04257, 1750, 0.08355, 0.05177, 0.06022, 0.003933, 0.3158, class-1
 29.96, 623.9, 0.3354, 0.006307, 0.1342, 0.01185, 0.02845, 0.01011, 0.1081, 0.189, 0.1039, 0.0385, 764, 0.08223, 0.06129, 0.04408, 0.003589, 0.3064, class-2
 49, 920.6, 0.5366, 0.00486, 0.1809, 0.01226, 0.02785, 0.01374, 0.1365, 0.2853, 0.1298, 0.02602, 1408, 0.09812, 0.05966, 0.08811, 0.002759, 0.3241, class-1
 27.19, 575.3, 0.3242, 0.00647, 0.1717, 0.01898, 0.01248, 0.01103, 0.1278, 0.253, 0.0663, 0.0181, 683.4, 0.09423, 0.0566, 0.03731, 0.001794, 0.1533, class-2
 9.006, 476.5, 0.1153, 0.003265, 0.1546, 0.0172, 0.00493, 0.003762, 0.1037, 0.2901, 0.03393, 0.006493, 543.4, 0.07926, 0.05754, 0.01108, 0.00136, 0.06243, class-2
 16.39, 389.4, 0.2428, 0.006663, 0.2054, 0.01995, 0.05914, 0.01314, 0.1347, 0.3308, 0.1325, 0.0888, 472.9, 0.09592, 0.07669, 0.02854, 0.008675, 0.7436, class-2
 39.93, 590, 0.4347, 0.004351, 0.1773, 0.02598, 0.02667, 0.01007, 0.09368, 0.2663, 0.06807, 0.03371, 706, 0.08043, 0.05429, 0.02344, 0.003087, 0.1359, class-2
 60.41, 1155, 0.5243, 0.01061, 0.1978, 0.02186, 0.03252, 0.01559, 0.1463, 0.292, 0.1558, 0.03915, 1417, 0.1027, 0.06, 0.08886, 0.003949, 0.3458, class-1
 23.22, 337.7, 0.3719, 0.01604, 0.1737, 0.03476, 0.01386, 0.01133, 0.1515, 0.2883, 0.05971, 0.01865, 402.8, 0.107, 0.0644, 0.0307, 0.00356, 0.1181, class-2
 13.56, 541.6, 0.163, 0.006261, 0.1487, 0.01962, 0.01569, 0.005383, 0.1101, 0.2767, 0.04524, 0.03079, 602, 0.07215, 0.05635, 0.01105, 0.00225, 0.2298, class-2
 16.35, 512.2, 0.2025, 0.005501, 0.1596, 0.01266, 0.05592, 0.0137, 0.1254, 0.2639, 0.1346, 0.08158, 639.1, 0.0876, 0.06409, 0.0398, 0.007555, 0.7727, class-2
 16.64, 347, 0.2497, 0.007189, 0.1897, 0.02158, 0.01035, 0.006245, 0.1499, 0.3409, 0.07234, 0.01081, 455.7, 0.09657, 0.06329, 0.01615, 0.002619, 0.1125, class-2
 18.62, 406.3, 0.2562, 0.006662, 0.1883, 0.01677, 0.01228, 0.01006, 0.1389, 0.2664, 0.07808, 0.02105, 491.8, 0.1013, 0.06168, 0.02929, 0.002784, 0.1804, class-2
 137.9, 1364, 1.004, 0.005283, 0.2205, 0.02401, 0.03908, 0.01864, 0.1211, 0.3126, 0.1606, 0.09518, 2010, 0.1007, 0.05898, 0.131, 0.005002, 0.6991, class-1
 26.99, 407.4, 0.3927, 0.00638, 0.1834, 0.02292, 0.01065, 0.009175, 0.1183, 0.274, 0.05991, 0.01245, 508.9, 0.09345, 0.05934, 0.02069, 0.001461, 0.08105, class-2
 92.81, 1206, 0.7661, 0.008482, 0.1733, 0.01467, 0.05057, 0.01971, 0.171, 0.2749, 0.1849, 0.068, 1933, 0.1062, 0.06697, 0.0974, 0.007259, 0.8489, class-1
 33.63, 928.2, 0.3093, 0.004757, 0.1813, 0.01394, 0.01503, 0.01262, 0.1416, 0.3138, 0.1041, 0.02332, 1222, 0.1008, 0.05613, 0.08353, 0.002362, 0.3378, class-1
 71, 1169, 0.5959, 0.004649, 0.1776, 0.01365, 0.018, 0.01267, 0.1497, 0.3379, 0.1188, 0.02749, 1972, 0.1035, 0.05647, 0.08591, 0.00255, 0.4317, class-1
 35.74, 602.4, 0.425, 0.006351, 0.1908, 0.02062, 0.02679, 0.01342, 0.1512, 0.3068, 0.1279, 0.03119, 826, 0.1096, 0.0613, 0.05246, 0.002695, 0.3209, class-1
 106.4, 1207, 0.8426, 0.006356, 0.1893, 0.01936, 0.04765, 0.01519, 0.1281, 0.2818, 0.2063, 0.03863, 1926, 0.0926, 0.06232, 0.1144, 0.005252, 0.4251, class-1
 59.46, 713.3, 0.6592, 0.01015, 0.2398, 0.01884, 0.04588, 0.02127, 0.1765, 0.3258, 0.2284, 0.04983, 928.8, 0.1335, 0.07596, 0.1242, 0.00866, 0.4429, class-1
 138.5, 773.5, 1.292, 0.01236, 0.2495, 0.02337, 0.05995, 0.03024, 0.1504, 0.3277, 0.3114, 0.08232, 1226, 0.1109, 0.08104, 0.1377, 0.006042, 0.6181, class-1
 23.02, 744.9, 0.2419, 0.005345, 0.2091, 0.009947, 0.02556, 0.01022, 0.1883, 0.3512, 0.1639, 0.02889, 1035, 0.1063, 0.0665, 0.08399, 0.003359, 0.5703, class-1
 52.34, 1288, 0.3977, 0.005043, 0.1814, 0.01282, 0.01578, 0.008185, 0.1522, 0.3151, 0.1088, 0.02117, 1844, 0.1, 0.05572, 0.09333, 0.001892, 0.3788, class-1
 44.41, 933.1, 0.4007, 0.005726, 0.1564, 0.01411, 0.01106, 0.007671, 0.124, 0.2452, 0.0629, 0.01246, 1218, 0.08662, 0.05307, 0.02837, 0.001578, 0.1211, class-1
 90.94, 947.8, 0.8348, 0.006717, 0.2108, 0.02747, 0.05981, 0.02149, 0.1134, 0.3067, 0.1273, 0.04638, 1295, 0.08999, 0.05464, 0.07507, 0.005838, 0.2298, class-1
 22.18, 758.6, 0.2298, 0.002826, 0.1547, 0.01013, 0.009105, 0.005174, 0.1084, 0.2683, 0.05616, 0.01311, 988.6, 0.0784, 0.05443, 0.02847, 0.001345, 0.226, class-1
 45.42, 928.3, 0.4203, 0.004493, 0.1867, 0.01144, 0.01206, 0.009875, 0.1558, 0.3216, 0.08995, 0.02048, 1436, 0.09726, 0.0558, 0.06527, 0.001575, 0.3889, class-1
 199.7, 1419, 1.172, 0.004551, 0.1769, 0.01367, 0.01478, 0.00928, 0.1401, 0.2868, 0.1143, 0.02143, 3432, 0.09469, 0.05674, 0.08646, 0.002299, 0.3442, class-1
 27.1, 346.4, 0.4505, 0.00747, 0.1922, 0.03504, 0.03581, 0.01365, 0.1213, 0.294, 0.1147, 0.03354, 424.8, 0.09688, 0.06491, 0.02642, 0.003318, 0.1916, class-2
 26.76, 561, 0.338, 0.005436, 0.1635, 0.0203, 0.02406, 0.009919, 0.1005, 0.2446, 0.08259, 0.03099, 661.5, 0.07956, 0.05859, 0.02142, 0.003009, 0.1453, class-2
 18.24, 512.2, 0.2345, 0.005518, 0.201, 0.02593, 0.02178, 0.00633, 0.1256, 0.3604, 0.06219, 0.02589, 597.5, 0.09425, 0.05769, 0.01615, 0.002157, 0.1992, class-2
 20.74, 344.9, 0.3198, 0.008902, 0.1668, 0.02728, 0.04785, 0.01745, 0.1335, 0.2605, 0.1289, 0.07339, 410.4, 0.1082, 0.06862, 0.02867, 0.00761, 0.2534, class-2
 10.77, 632.6, 0.1302, 0.003492, 0.1508, 0.01536, 0.00371, 0.003608, 0.08567, 0.2458, 0.02675, 0.004826, 684.6, 0.06429, 0.05376, 0.00625, 0.001381, 0.03866, class-2
 13.17, 388, 0.1904, 0.006472, 0.1769, 0.01692, 0.01122, 0.008849, 0.1358, 0.2733, 0.07608, 0.01282, 457.5, 0.09834, 0.0627, 0.02755, 0.002817, 0.1275, class-2
 156.8, 1491, 1.167, 0.005687, 0.1721, 0.01924, 0.0496, 0.01561, 0.1272, 0.2833, 0.1961, 0.06329, 2384, 0.09401, 0.06194, 0.1088, 0.004614, 0.5807, class-1
 16.39, 289.9, 0.2684, 0.0138, 0.2081, 0.01798, 0.01067, 0.009472, 0.1467, 0.2841, 0.04689, 0.008347, 355.2, 0.09037, 0.06312, 0.01407, 0.004261, 0.04043, class-2
 45.81, 998.9, 0.4212, 0.005444, 0.1538, 0.01419, 0.01169, 0.008522, 0.1315, 0.2504, 0.07027, 0.01622, 1320, 0.08855, 0.0551, 0.04744, 0.002751, 0.208, class-1
 48.84, 435.6, 0.6412, 0.01418, 0.2015, 0.02678, 0.01489, 0.0191, 0.1359, 0.222, 0.0721, 0.01267, 472.4, 0.1225, 0.05875, 0.07404, 0.003002, 0.07153, class-2
 17.09, 396.6, 0.2375, 0.008426, 0.1954, 0.02358, 0.008998, 0.003333, 0.1259, 0.2758, 0.03872, 0.001487, 458, 0.09379, 0.05821, 0.003333, 0.001627, 0.004955, class-2
 36.74, 1102, 0.3283, 0.007571, 0.155, 0.0193, 0.01114, 0.01463, 0.1243, 0.2567, 0.05884, 0.02623, 1236, 0.08923, 0.04996, 0.05843, 0.001676, 0.221, class-1
 22.22, 572.3, 0.258, 0.003741, 0.1573, 0.01344, 0.005274, 0.005044, 0.105, 0.2335, 0.04052, 0.01065, 739.1, 0.07948, 0.0552, 0.01238, 0.001126, 0.106, class-2
 19.41, 587.4, 0.2479, 0.004235, 0.211, 0.01528, 0.01541, 0.01043, 0.1185, 0.2955, 0.07688, 0.01457, 670, 0.09516, 0.05853, 0.03711, 0.001593, 0.1456, class-2
 69.65, 1138, 0.6361, 0.007392, 0.1902, 0.01435, 0.02449, 0.01293, 0.1782, 0.3258, 0.1453, 0.03988, 1724, 0.102, 0.0622, 0.09664, 0.003446, 0.5754, class-1
 37.83, 427.3, 0.5619, 0.008034, 0.2101, 0.02921, 0.01442, 0.01846, 0.1036, 0.3101, 0.0434, 0.01514, 533.7, 0.07813, 0.06113, 0.02763, 0.002005, 0.06735, class-2
 53.16, 1145, 0.4709, 0.005654, 0.1893, 0.01623, 0.02199, 0.01499, 0.1518, 0.359, 0.1442, 0.03059, 1628, 0.1037, 0.05892, 0.09464, 0.001965, 0.4316, class-1
 28.09, 805.1, 0.2873, 0.004563, 0.1876, 0.01388, 0.03481, 0.01209, 0.1365, 0.277, 0.1802, 0.03872, 1031, 0.1066, 0.06684, 0.09052, 0.004081, 0.5026, class-1
 23.29, 516.6, 0.2913, 0.006418, 0.1432, 0.01878, 0.03961, 0.01774, 0.09926, 0.1999, 0.0958, 0.07927, 595.6, 0.07818, 0.05935, 0.0339, 0.003696, 0.3344, class-2
 22.45, 489, 0.2719, 0.006383, 0.1697, 0.02571, 0.008008, 0.002924, 0.1038, 0.2505, 0.04216, 0.00186, 564.1, 0.08393, 0.05855, 0.002924, 0.002015, 0.005579, class-2
 21.91, 441, 0.2742, 0.006719, 0.1588, 0.01872, 0.05156, 0.01633, 0.1116, 0.2465, 0.1011, 0.04387, 546.1, 0.08605, 0.06766, 0.03791, 0.008015, 0.2365, class-2
 12.68, 515.9, 0.1532, 0.004731, 0.1337, 0.01619, 0.01345, 0.005905, 0.09616, 0.2309, 0.03729, 0.01652, 577, 0.06955, 0.05581, 0.01171, 0.002081, 0.1186, class-2
 34.68, 394.1, 0.4866, 0.01574, 0.2595, 0.03418, 0.08262, 0.03487, 0.1028, 0.2955, 0.1181, 0.08099, 437.6, 0.0802, 0.06233, 0.05588, 0.006517, 0.1546, class-2
 17.49, 396, 0.2656, 0.006538, 0.2013, 0.03416, 0.01395, 0.009924, 0.1118, 0.3267, 0.05008, 0.01376, 459.3, 0.08713, 0.05955, 0.02173, 0.002928, 0.07529, class-2
 77.11, 651, 0.8811, 0.007762, 0.1714, 0.04077, 0.1064, 0.02771, 0.09983, 0.2272, 0.1676, 0.0996, 767.3, 0.08757, 0.07192, 0.06602, 0.02286, 0.222, class-2
 24.87, 687.3, 0.2877, 0.005332, 0.1879, 0.01522, 0.02115, 0.01187, 0.1313, 0.2962, 0.09823, 0.01536, 809.8, 0.08992, 0.05852, 0.04819, 0.002815, 0.1804, class-2
 17.67, 513.7, 0.2094, 0.008725, 0.173, 0.02625, 0.02003, 0.01132, 0.1483, 0.338, 0.07943, 0.02335, 585.4, 0.1005, 0.0647, 0.0337, 0.004726, 0.2241, class-2
 13.88, 432.7, 0.207, 0.007595, 0.1875, 0.01792, 0.015, 0.008578, 0.1369, 0.3101, 0.05642, 0.01412, 517.8, 0.08372, 0.05715, 0.0228, 0.001784, 0.1316, class-2
 13.38, 492.1, 0.1807, 0.006064, 0.1638, 0.01374, 0.0118, 0.007978, 0.1298, 0.2369, 0.08393, 0.006564, 553.7, 0.09667, 0.061, 0.01924, 0.001392, 0.05233, class-2
 17.74, 582.7, 0.2191, 0.004348, 0.1592, 0.02154, 0.008153, 0.006829, 0.117, 0.2823, 0.06221, 0.004272, 661.1, 0.09198, 0.05912, 0.01917, 0.001802, 0.03732, class-2
 11.09, 363.7, 0.1753, 0.003478, 0.1449, 0.02941, 0.01221, 0.009393, 0.09312, 0.2143, 0.04721, 0.01072, 392.2, 0.08518, 0.06031, 0.01369, 0.003428, 0.02884, class-2
 49.11, 431.1, 0.645, 0.005596, 0.1619, 0.01575, 0.01005, 0.01432, 0.1137, 0.1978, 0.05914, 0.01272, 553.6, 0.09968, 0.06287, 0.03515, 0.002758, 0.0612, class-1
 20.56, 633.1, 0.23, 0.003169, 0.1635, 0.01103, 0.01377, 0.005243, 0.09445, 0.2636, 0.0522, 0.01079, 819.7, 0.06576, 0.05586, 0.01374, 0.001957, 0.1565, class-2
 20.56, 334.2, 0.2868, 0.01017, 0.1695, 0.03464, 0.01443, 0.0125, 0.1143, 0.2227, 0.06797, 0.01861, 362.7, 0.1015, 0.06556, 0.01875, 0.001971, 0.04158, class-2
 133, 1217, 1.111, 0.006056, 0.1792, 0.01884, 0.03203, 0.01733, 0.1495, 0.2968, 0.1642, 0.05638, 2053, 0.115, 0.06552, 0.1062, 0.004787, 0.6121, class-1
 28.32, 471.3, 0.3642, 0.00653, 0.1781, 0.0274, 0.03369, 0.01403, 0.105, 0.2685, 0.1014, 0.04712, 551.3, 0.08451, 0.06249, 0.03099, 0.004651, 0.1904, class-2
 130.8, 1247, 1.072, 0.007964, 0.2249, 0.02736, 0.04732, 0.01936, 0.1347, 0.3294, 0.1838, 0.07649, 1696, 0.108, 0.07469, 0.128, 0.005928, 0.4932, class-1
 10.08, 334.3, 0.1485, 0.008875, 0.1482, 0.01791, 0.009362, 0.009199, 0.1413, 0.2213, 0.06678, 0.01808, 375.4, 0.1068, 0.066, 0.0178, 0.003317, 0.08423, class-2
 22.93, 403.1, 0.3278, 0.006652, 0.1411, 0.01894, 0.02652, 0.007807, 0.1144, 0.2208, 0.07694, 0.02221, 489.8, 0.08853, 0.06243, 0.01502, 0.003411, 0.1226, class-2
 18.21, 417.2, 0.2512, 0.006122, 0.1935, 0.03194, 0.02337, 0.006998, 0.09545, 0.3244, 0.05688, 0.01596, 476.5, 0.07474, 0.05878, 0.01313, 0.002211, 0.07239, class-2
 15.5, 537.3, 0.1903, 0.003632, 0.1632, 0.01344, 0.007861, 0.002386, 0.1128, 0.2651, 0.05251, 0.001128, 636.9, 0.08511, 0.05894, 0.003261, 0.002585, 0.0112, class-2
 9.789, 246.3, 0.1746, 0.007389, 0.1788, 0.02701, 0.004883, 0.003472, 0.09861, 0.2991, 0.03116, 0.003681, 285.5, 0.07005, 0.06833, 0.003472, 0.002153, 0.01472, class-2
 20.39, 566.2, 0.2244, 0.003338, 0.1365, 0.0148, 0.003746, 0.003242, 0.09023, 0.2267, 0.03614, 0.00203, 698.7, 0.07376, 0.05335, 0.004419, 0.001566, 0.01379, class-2
 33.01, 530.6, 0.3975, 0.004148, 0.1453, 0.01422, 0.004711, 0.004821, 0.1016, 0.2107, 0.03735, 0.002831, 672.4, 0.08352, 0.05518, 0.008829, 0.002273, 0.01824, class-2
 11.28, 418.7, 0.1601, 0.006064, 0.1936, 0.02349, 0.00911, 0.007638, 0.1223, 0.3487, 0.05253, 0.01042, 483.1, 0.08814, 0.06128, 0.01148, 0.001661, 0.07915, class-2
 28.9, 664.9, 0.316, 0.005031, 0.1632, 0.01494, 0.006021, 0.006324, 0.1011, 0.253, 0.03515, 0.005325, 840.8, 0.07618, 0.05255, 0.01877, 0.0008948, 0.04746, class-2
 25.18, 504.1, 0.3265, 0.006494, 0.1601, 0.01731, 0.02768, 0.01069, 0.1194, 0.2564, 0.07948, 0.03137, 618.8, 0.08794, 0.0614, 0.02548, 0.004392, 0.1769, class-2
 9.438, 409.1, 0.1312, 0.004124, 0.1833, 0.02032, 0.0134, 0.004667, 0.1092, 0.339, 0.05969, 0.01003, 467.8, 0.08597, 0.061, 0.008907, 0.001952, 0.08324, class-2
 17.81, 221.2, 0.3368, 0.02075, 0.2163, 0.06146, 0.01403, 0, 0.1347, 0.3142, 0.05847, 0, 240.1, 0.1074, 0.07359, 0, 0.00682, 0, class-2
 12.69, 481.6, 0.1716, 0.004928, 0.1215, 0.01393, 0.003012, 0.00339, 0.1104, 0.1917, 0.03834, 0.00262, 544.2, 0.08511, 0.05673, 0.006423, 0.001344, 0.01938, class-2
 15.82, 461.4, 0.2113, 0.005343, 0.1673, 0.01977, 0.005767, 0.005051, 0.1001, 0.2293, 0.03212, 0.01123, 513.1, 0.07734, 0.05649, 0.005051, 0.0009502, 0.04116, class-2
 48.9, 1027, 0.4041, 0.004821, 0.1807, 0.01275, 0.01659, 0.01143, 0.1434, 0.2812, 0.1117, 0.02408, 1485, 0.09746, 0.05664, 0.0795, 0.002451, 0.3853, class-1
 24.2, 244.5, 0.4653, 0.009845, 0.233, 0.03491, 0.0659, 0.02527, 0.1221, 0.3135, 0.1972, 0.1027, 297.1, 0.09968, 0.08743, 0.04908, 0.007877, 0.4609, class-2
 31.16, 477.3, 0.3778, 0.007357, 0.1472, 0.03433, 0.01079, 0.0112, 0.08409, 0.1901, 0.03454, 0.009959, 515.9, 0.07557, 0.05561, 0.01699, 0.002961, 0.02237, class-2
 22.68, 324.2, 0.3677, 0.01049, 0.1743, 0.02719, 0.04265, 0.01544, 0.1402, 0.2608, 0.1111, 0.04004, 390.4, 0.1061, 0.07279, 0.03965, 0.007596, 0.1898, class-2
 74.85, 1274, 0.5925, 0.004536, 0.1928, 0.02193, 0.01376, 0.01247, 0.1054, 0.3055, 0.08564, 0.02645, 1657, 0.0802, 0.05096, 0.07726, 0.001589, 0.2606, class-1
 16.57, 504.8, 0.2212, 0.00591, 0.1543, 0.01202, 0.02016, 0.01011, 0.1547, 0.2382, 0.08834, 0.01902, 599.5, 0.1134, 0.06476, 0.034, 0.003107, 0.1791, class-2
 69.06, 1264, 0.5702, 0.005485, 0.2569, 0.02768, 0.02431, 0.01369, 0.1592, 0.5558, 0.1875, 0.0319, 1938, 0.117, 0.0667, 0.1504, 0.003345, 0.5344, class-1
 19.01, 457.9, 0.2575, 0.005403, 0.1638, 0.01333, 0.01418, 0.005142, 0.1256, 0.2661, 0.06545, 0.01051, 583.1, 0.08673, 0.06129, 0.01692, 0.002065, 0.1167, class-2
 17.61, 489.9, 0.21, 0.006809, 0.1707, 0.02057, 0.009514, 0.006474, 0.1384, 0.2688, 0.07664, 0.01329, 574.4, 0.1028, 0.05984, 0.02107, 0.001784, 0.102, class-2
 23.92, 616.5, 0.2571, 0.006692, 0.1373, 0.01416, 0.01132, 0.006627, 0.1281, 0.21, 0.05306, 0.005717, 749.9, 0.09309, 0.057, 0.02733, 0.002476, 0.05307, class-2
 16.97, 446, 0.2335, 0.004729, 0.1382, 0.01466, 0.006887, 0.003951, 0.1013, 0.2171, 0.03892, 0.001184, 523.4, 0.07683, 0.0607, 0.005592, 0.001755, 0.007732, class-2
 44.41, 813.7, 0.4375, 0.006697, 0.1948, 0.01536, 0.02083, 0.01392, 0.159, 0.3103, 0.1319, 0.03248, 1121, 0.1169, 0.06277, 0.08488, 0.002789, 0.3597, class-1
 57.72, 826.8, 0.5706, 0.01056, 0.1869, 0.04022, 0.03756, 0.01186, 0.1426, 0.2736, 0.1283, 0.05839, 975.2, 0.1165, 0.06532, 0.07981, 0.006187, 0.3344, class-1
 33.27, 793.2, 0.3371, 0.005839, 0.1782, 0.01467, 0.03245, 0.01459, 0.1435, 0.3019, 0.1371, 0.03715, 1070, 0.09491, 0.05976, 0.07041, 0.003121, 0.4956, class-1
 20.65, 514, 0.2684, 0.005727, 0.1761, 0.02751, 0.03255, 0.009811, 0.1288, 0.3596, 0.1125, 0.04393, 634.3, 0.09579, 0.0654, 0.0295, 0.004572, 0.3439, class-2
 19.62, 387.3, 0.2976, 0.01289, 0.194, 0.04243, 0.01104, 0.004967, 0.1424, 0.3292, 0.06779, 0.003297, 436.1, 0.1054, 0.06028, 0.007583, 0.001963, 0.01335, class-2
 15.07, 390, 0.2144, 0.005617, 0.1773, 0.017, 0.007124, 0.002941, 0.1166, 0.2815, 0.04458, 0.0009737, 492.7, 0.08306, 0.06081, 0.002941, 0.00203, 0.005518, class-2
 13.24, 464.4, 0.184, 0.007881, 0.1539, 0.01939, 0.008432, 0.006522, 0.1222, 0.2554, 0.04202, 0.007004, 544.3, 0.08313, 0.05945, 0.008535, 0.002222, 0.03619, class-2
 87.17, 918.6, 0.8161, 0.006455, 0.1727, 0.01829, 0.01797, 0.01744, 0.1449, 0.2623, 0.1056, 0.04502, 1362, 0.1119, 0.06071, 0.09934, 0.003733, 0.392, class-1
 14.41, 514.3, 0.1814, 0.005231, 0.1652, 0.01639, 0.02305, 0.007315, 0.1142, 0.2432, 0.09965, 0.03113, 576, 0.09462, 0.07238, 0.02098, 0.005701, 0.145, class-2
 88.25, 1092, 0.6422, 0.007548, 0.1953, 0.02168, 0.03897, 0.01816, 0.1498, 0.3679, 0.1402, 0.03914, 1873, 0.09116, 0.06083, 0.0609, 0.004445, 0.4634, class-1
 16.85, 310.8, 0.2619, 0.007803, 0.189, 0.021, 0.01449, 0.008043, 0.1402, 0.2894, 0.07326, 0.0169, 384, 0.1007, 0.06331, 0.01775, 0.002778, 0.1055, class-2
 164.1, 1747, 1.009, 0.006292, 0.1797, 0.01479, 0.01971, 0.01301, 0.1515, 0.2593, 0.1283, 0.03582, 2906, 0.1069, 0.05506, 0.141, 0.003118, 0.4819, class-1
 32.14, 641.2, 0.3491, 0.004577, 0.1912, 0.01873, 0.03053, 0.01243, 0.1294, 0.3053, 0.1139, 0.0384, 862.1, 0.09751, 0.06412, 0.04223, 0.003373, 0.3755, class-2
 12.07, 280.5, 0.1844, 0.005954, 0.2036, 0.0175, 0.03471, 0.00851, 0.1233, 0.2982, 0.09228, 0.05028, 353.6, 0.08481, 0.07125, 0.02292, 0.004031, 0.4341, class-2
 10.8, 373.9, 0.1601, 0.007416, 0.1776, 0.02348, 0.01877, 0.0101, 0.1418, 0.3301, 0.09097, 0.02758, 440, 0.1033, 0.06907, 0.03341, 0.002917, 0.2299, class-2
 67.66, 1194, 0.6226, 0.004756, 0.2082, 0.03756, 0.03368, 0.01806, 0.1218, 0.4045, 0.1339, 0.04345, 1540, 0.09797, 0.05715, 0.1103, 0.003288, 0.4734, class-1
 24.53, 420.3, 0.3446, 0.009536, 0.2009, 0.01953, 0.01097, 0.01121, 0.146, 0.2765, 0.07281, 0.01651, 516.4, 0.115, 0.06506, 0.0325, 0.0031, 0.1087, class-2
 19.33, 321.6, 0.338, 0.01736, 0.1633, 0.03675, 0.04671, 0.01296, 0.136, 0.2434, 0.09159, 0.02611, 357.1, 0.09882, 0.07005, 0.02037, 0.006758, 0.07162, class-2
 18.02, 445.3, 0.243, 0.00718, 0.1555, 0.01982, 0.01096, 0.005495, 0.1289, 0.288, 0.05794, 0.005832, 562.6, 0.08386, 0.06048, 0.008488, 0.002754, 0.04506, class-2
 29.06, 668.7, 0.3428, 0.004732, 0.1521, 0.02163, 0.01506, 0.01067, 0.122, 0.3109, 0.0778, 0.01855, 880.8, 0.08875, 0.05912, 0.03528, 0.002783, 0.2151, class-2
 12.25, 402.7, 0.1707, 0.009191, 0.1634, 0.01755, 0.008548, 0.006315, 0.1531, 0.2851, 0.05886, 0.0094, 475.8, 0.09076, 0.06372, 0.02322, 0.003009, 0.09823, class-2
 26.65, 426.7, 0.361, 0.0058, 0.2459, 0.02734, 0.02417, 0.01052, 0.1293, 0.3124, 0.1206, 0.007816, 496.2, 0.1158, 0.06581, 0.01787, 0.003114, 0.03122, class-2
 26.03, 421, 0.3534, 0.006583, 0.1671, 0.02216, 0.006991, 0.006296, 0.09958, 0.2731, 0.0363, 0.005949, 542.5, 0.07561, 0.05731, 0.01162, 0.002668, 0.03046, class-2
 51.22, 758.6, 0.5204, 0.009329, 0.2375, 0.05543, 0.06559, 0.02283, 0.155, 0.4245, 0.2364, 0.09953, 915.3, 0.1243, 0.07603, 0.1242, 0.00733, 0.6872, class-1
 153.1, 2010, 0.9948, 0.006369, 0.1956, 0.02335, 0.04243, 0.01508, 0.153, 0.369, 0.2363, 0.04266, 3234, 0.1149, 0.06121, 0.1913, 0.003385, 0.6451, class-1
 63.37, 716.6, 0.6534, 0.01052, 0.1647, 0.0212, 0.02431, 0.01746, 0.166, 0.2654, 0.09769, 0.04912, 1050, 0.1024, 0.06464, 0.06553, 0.004867, 0.4029, class-1
 28.84, 384.6, 0.4222, 0.005541, 0.169, 0.03102, 0.03387, 0.01471, 0.08864, 0.2576, 0.06064, 0.04505, 453.5, 0.07274, 0.06083, 0.01471, 0.004831, 0.1201, class-2
 27.49, 485.8, 0.3602, 0.009853, 0.1533, 0.02639, 0.04235, 0.01966, 0.1096, 0.2121, 0.1038, 0.06271, 547.4, 0.0876, 0.06184, 0.04391, 0.004205, 0.2388, class-2
 21.57, 512, 0.3106, 0.007807, 0.2035, 0.0286, 0.03932, 0.01876, 0.1343, 0.3113, 0.1304, 0.05112, 591.2, 0.1082, 0.06501, 0.05603, 0.005715, 0.2573, class-2
 20.74, 593.7, 0.2543, 0.005638, 0.1424, 0.01544, 0.007939, 0.006042, 0.1153, 0.2362, 0.05492, 0.005254, 694.4, 0.08743, 0.05883, 0.02088, 0.002087, 0.05285, class-2
 30.18, 241, 0.5381, 0.01093, 0.193, 0.02837, 0.02899, 0.01506, 0.1015, 0.2434, 0.07698, 0.03214, 302, 0.08293, 0.06621, 0.02381, 0.004174, 0.09441, class-2
 30.48, 278.6, 0.5079, 0.006836, 0.1506, 0.01942, 0.008982, 0.006565, 0.1333, 0.2454, 0.05956, 0.02348, 439.6, 0.1009, 0.06959, 0.01406, 0.002713, 0.1144, class-2
 28.3, 491.9, 0.3511, 0.005783, 0.1528, 0.02043, 0.004693, 0.003617, 0.09293, 0.2233, 0.0265, 0.0007929, 585.7, 0.07436, 0.05185, 0.005449, 0.001058, 0.003581, class-2
 20.98, 546.1, 0.2621, 0.005498, 0.1815, 0.01829, 0.02045, 0.006399, 0.114, 0.2637, 0.06373, 0.01795, 621.2, 0.08582, 0.05696, 0.02424, 0.001956, 0.1212, class-2
 17.26, 496.6, 0.2213, 0.005608, 0.1759, 0.01909, 0.01646, 0.009997, 0.1298, 0.2744, 0.07952, 0.01529, 579.7, 0.09676, 0.06183, 0.01781, 0.002133, 0.1255, class-2
 33.58, 838.1, 0.3389, 0.007257, 0.1495, 0.01694, 0.01805, 0.01033, 0.1338, 0.2394, 0.08468, 0.01832, 1009, 0.09686, 0.05593, 0.04835, 0.002001, 0.1663, class-2
 13.22, 552.4, 0.1584, 0.004394, 0.165, 0.01291, 0.0125, 0.005484, 0.1213, 0.2741, 0.05696, 0.01451, 663.5, 0.07937, 0.05701, 0.01473, 0.002074, 0.1364, class-2
 72.44, 1293, 0.5781, 0.006208, 0.1618, 0.01445, 0.01906, 0.01461, 0.1327, 0.2609, 0.1131, 0.02375, 1780, 0.0915, 0.05557, 0.07785, 0.001906, 0.2702, class-1
 103.6, 1234, 0.9761, 0.008439, 0.1875, 0.0371, 0.04674, 0.02536, 0.1278, 0.3271, 0.1669, 0.05904, 1671, 0.09905, 0.0602, 0.1265, 0.004286, 0.3703, class-1
 18.57, 458.4, 0.2527, 0.005833, 0.1695, 0.01938, 0.01388, 0.007087, 0.1368, 0.3218, 0.07175, 0.02, 624.6, 0.09231, 0.05916, 0.02027, 0.00196, 0.2413, class-2
 224.1, 1546, 1.207, 0.005568, 0.1717, 0.01263, 0.01112, 0.01197, 0.1363, 0.251, 0.08562, 0.02096, 3143, 0.09384, 0.05054, 0.08465, 0.001803, 0.2861, class-1
 130.2, 1482, 1.008, 0.003978, 0.1824, 0.01518, 0.02821, 0.01471, 0.1294, 0.2741, 0.1954, 0.03576, 2227, 0.1063, 0.0614, 0.1501, 0.003796, 0.4756, class-1
 45.5, 840.4, 0.4312, 0.005635, 0.2175, 0.03197, 0.03917, 0.01656, 0.1415, 0.4824, 0.1497, 0.06072, 1165, 0.09742, 0.06218, 0.08773, 0.004085, 0.7087, class-1
 17.72, 711.8, 0.1783, 0.005012, 0.1721, 0.01647, 0.01485, 0.009155, 0.1126, 0.2487, 0.06934, 0.01551, 819.1, 0.07963, 0.05544, 0.02657, 0.001767, 0.1362, class-2
 39.06, 1386, 0.3414, 0.004426, 0.1973, 0.01675, 0.02675, 0.01343, 0.1192, 0.273, 0.1515, 0.03437, 1535, 0.1001, 0.06183, 0.1255, 0.004367, 0.4024, class-1
 77.02, 1335, 0.6137, 0.006211, 0.1571, 0.01276, 0.01895, 0.01232, 0.1562, 0.2689, 0.1076, 0.02681, 1946, 0.09446, 0.05478, 0.08941, 0.001711, 0.4159, class-1
 14, 579.1, 0.1705, 0.00423, 0.1872, 0.01943, 0.01587, 0.006335, 0.1105, 0.3323, 0.06374, 0.01169, 670.6, 0.08302, 0.05669, 0.02031, 0.002177, 0.1346, class-2
 14.91, 788.5, 0.1745, 0.00451, 0.199, 0.01934, 0.01812, 0.01196, 0.1235, 0.3153, 0.1438, 0.01951, 861.5, 0.0988, 0.06572, 0.05397, 0.003696, 0.2114, class-2
 7.228, 338.3, 0.1115, 0.008499, 0.2188, 0.01617, 0.07643, 0.02919, 0.1143, 0.2597, 0.166, 0.1535, 351.9, 0.09073, 0.0845, 0.05941, 0.0122, 0.603, class-2
 14.91, 562.1, 0.1689, 0.004942, 0.1421, 0.01442, 0.01203, 0.005179, 0.1108, 0.2694, 0.04726, 0.007508, 680.6, 0.07517, 0.05763, 0.01117, 0.001684, 0.07934, class-2
 11.35, 580.6, 0.1402, 0.005212, 0.1792, 0.01818, 0.02984, 0.008356, 0.1275, 0.3387, 0.07548, 0.02443, 657, 0.08268, 0.05897, 0.02471, 0.004868, 0.2569, class-2
 13.99, 361.6, 0.2114, 0.007405, 0.2196, 0.01738, 0.04549, 0.01339, 0.2184, 0.4154, 0.2154, 0.04588, 508.1, 0.1216, 0.0795, 0.06367, 0.004435, 0.8402, class-1
 16.04, 386.3, 0.2562, 0.006635, 0.2018, 0.02108, 0.01777, 0.01164, 0.161, 0.3343, 0.1111, 0.02101, 476.1, 0.1237, 0.06914, 0.0555, 0.003721, 0.2247, class-2
 11.68, 372.7, 0.1642, 0.005296, 0.2003, 0.0188, 0.01903, 0.00696, 0.1095, 0.3202, 0.07079, 0.01723, 447.1, 0.07987, 0.06246, 0.02074, 0.001941, 0.1553, class-2
 9.549, 447.8, 0.1194, 0.005042, 0.1203, 0.0247, 0.0456, 0.01667, 0.08799, 0.2191, 0.1073, 0.04305, 488.4, 0.06935, 0.06659, 0.02978, 0.007358, 0.2912, class-2
 19.2, 462.9, 0.2608, 0.006715, 0.1779, 0.01838, 0.03705, 0.01051, 0.1427, 0.2819, 0.1297, 0.04757, 600.5, 0.1042, 0.06588, 0.0288, 0.006884, 0.3206, class-2
 15.26, 541.8, 0.1833, 0.004271, 0.1617, 0.01461, 0.02073, 0.008468, 0.1166, 0.2736, 0.08575, 0.02828, 623.7, 0.08363, 0.05594, 0.02864, 0.002613, 0.2866, class-2
 33.01, 664.7, 0.4157, 0.008312, 0.1627, 0.0174, 0.01742, 0.01576, 0.1312, 0.2477, 0.06636, 0.03389, 758.2, 0.08682, 0.05416, 0.05271, 0.002871, 0.2675, class-1
 19.96, 462, 0.2666, 0.004405, 0.1646, 0.01921, 0.03026, 0.01087, 0.1026, 0.2677, 0.07823, 0.04344, 529.9, 0.08108, 0.06154, 0.02534, 0.004622, 0.3076, class-2
 23.12, 596.6, 0.2541, 0.003728, 0.1607, 0.01647, 0.01415, 0.007016, 0.08484, 0.2542, 0.04831, 0.01988, 745.3, 0.07026, 0.05474, 0.008507, 0.00197, 0.1091, class-2
 22.97, 392, 0.3305, 0.01038, 0.181, 0.01219, 0.06669, 0.02047, 0.1102, 0.2157, 0.1114, 0.09472, 450, 0.08365, 0.07252, 0.02757, 0.01233, 0.3021, class-2
 70.1, 1174, 0.6107, 0.01124, 0.1989, 0.02768, 0.04097, 0.03441, 0.1251, 0.2576, 0.1318, 0.07469, 1313, 0.101, 0.05884, 0.1021, 0.00624, 0.3829, class-1
 11.88, 321.6, 0.1911, 0.005682, 0.18, 0.01938, 0.01365, 0.006929, 0.1343, 0.2937, 0.07542, 0.008496, 394.5, 0.09996, 0.06569, 0.01968, 0.002371, 0.08615, class-2
 28.85, 234.3, 0.5169, 0.01582, 0.1985, 0.01865, 0.01966, 0, 0.146, 0.2445, 0.07428, 0, 317, 0.1039, 0.07098, 0, 0.006736, 0, class-2
 66.91, 744.7, 0.647, 0.007269, 0.1929, 0.01852, 0.02928, 0.01639, 0.1681, 0.3187, 0.1562, 0.04972, 1359, 0.116, 0.06744, 0.09113, 0.004232, 0.5553, class-1
 80.99, 1407, 0.6242, 0.005215, 0.2162, 0.02045, 0.03726, 0.01288, 0.1502, 0.3828, 0.2087, 0.04718, 2081, 0.1167, 0.06606, 0.1562, 0.004028, 0.7053, class-1
 22.22, 446.2, 0.2841, 0.008146, 0.1937, 0.02015, 0.01631, 0.007513, 0.1432, 0.3049, 0.09758, 0.01843, 559.5, 0.1029, 0.06161, 0.03326, 0.001798, 0.1603, class-2
 12.67, 609.1, 0.1504, 0.005371, 0.1641, 0.01719, 0.01273, 0.009155, 0.1066, 0.2523, 0.05361, 0.01132, 684.5, 0.08045, 0.05764, 0.03251, 0.001444, 0.0846, class-2
 19.29, 558.1, 0.2136, 0.005442, 0.1806, 0.01315, 0.01957, 0.01367, 0.1428, 0.2666, 0.1147, 0.03304, 675.2, 0.1059, 0.06079, 0.05381, 0.002464, 0.3438, class-2
 30.57, 508.3, 0.3639, 0.005421, 0.1574, 0.01869, 0.03477, 0.01384, 0.09534, 0.1988, 0.08895, 0.04545, 591, 0.08044, 0.0575, 0.04083, 0.004067, 0.1901, class-2
 12.98, 378.2, 0.1855, 0.004259, 0.1535, 0.01191, 0.01469, 0.004168, 0.112, 0.259, 0.04768, 0.0194, 496.7, 0.07741, 0.06214, 0.007246, 0.003537, 0.2079, class-2
 25.06, 431.9, 0.3438, 0.005463, 0.1847, 0.01477, 0.01964, 0.005398, 0.1244, 0.2779, 0.06232, 0.02079, 562, 0.09087, 0.06019, 0.01638, 0.003071, 0.1449, class-2
 41.51, 994, 0.403, 0.007159, 0.2113, 0.01591, 0.03718, 0.01051, 0.1873, 0.3245, 0.2576, 0.06165, 1304, 0.123, 0.07115, 0.1198, 0.005099, 0.9034, class-1
 18.95, 442.7, 0.2522, 0.006175, 0.1601, 0.01096, 0.01204, 0.005832, 0.1374, 0.246, 0.05242, 0.01376, 589.5, 0.08872, 0.05541, 0.01796, 0.001857, 0.1514, class-2
 20.21, 525.2, 0.2357, 0.003629, 0.1874, 0.02632, 0.03713, 0.01065, 0.09329, 0.3207, 0.07899, 0.03452, 621.9, 0.07351, 0.05899, 0.01883, 0.003705, 0.1604, class-2
 11.36, 507.6, 0.1458, 0.002887, 0.1735, 0.0187, 0.01285, 0.007308, 0.1172, 0.3297, 0.08836, 0.01613, 580.9, 0.09879, 0.062, 0.0239, 0.001972, 0.181, class-2
 30.15, 469.1, 0.3833, 0.007702, 0.1571, 0.0297, 0.008491, 0.0103, 0.1048, 0.2298, 0.04571, 0.01307, 533.1, 0.08682, 0.05708, 0.02054, 0.001432, 0.04921, class-2
 25.78, 370, 0.3796, 0.009519, 0.1486, 0.02079, 0.02134, 0.01155, 0.1363, 0.2251, 0.0746, 0.0199, 472.4, 0.1004, 0.06615, 0.02932, 0.002701, 0.1412, class-2
 21.83, 800, 0.2387, 0.003958, 0.1735, 0.015, 0.01246, 0.008747, 0.1206, 0.2778, 0.08501, 0.01831, 947.9, 0.09495, 0.05875, 0.04528, 0.001621, 0.231, class-2
 41.24, 514.5, 0.4993, 0.006011, 0.158, 0.02669, 0.0448, 0.01341, 0.09402, 0.2488, 0.08316, 0.05175, 645.8, 0.07551, 0.06114, 0.01867, 0.007731, 0.1838, class-2
 49.81, 991.7, 0.4537, 0.007231, 0.1992, 0.01414, 0.02772, 0.0148, 0.1482, 0.306, 0.1304, 0.02509, 1349, 0.1036, 0.06069, 0.08824, 0.003336, 0.3301, class-1
 25.79, 466.1, 0.3342, 0.005888, 0.1966, 0.02578, 0.0231, 0.01075, 0.124, 0.3455, 0.06526, 0.02059, 610.2, 0.08685, 0.05597, 0.02653, 0.002267, 0.1377, class-2
 13.66, 399.8, 0.1916, 0.005391, 0.1601, 0.01341, 0.009947, 0.005872, 0.1453, 0.2973, 0.05313, 0.01163, 521.3, 0.08858, 0.05913, 0.021, 0.001659, 0.1811, class-2
 13.54, 373.2, 0.1967, 0.005158, 0.1714, 0.01718, 0.009355, 0.007483, 0.1369, 0.2998, 0.07804, 0.01056, 471.4, 0.1077, 0.0634, 0.0248, 0.002198, 0.1067, class-2
 6.802, 268.8, 0.1186, 0.005515, 0.1274, 0.01951, 0.02674, 0.005128, 0.1086, 0.2376, 0.06053, 0.03735, 301, 0.07969, 0.06724, 0.005128, 0.004583, 0.1868, class-2
 28.51, 693.7, 0.3186, 0.004449, 0.1944, 0.01906, 0.02808, 0.01196, 0.1077, 0.3163, 0.1025, 0.03312, 867.1, 0.08515, 0.05913, 0.03876, 0.004015, 0.3114, class-2
 45.38, 719.5, 0.4681, 0.006831, 0.1852, 0.03151, 0.01427, 0.009087, 0.1148, 0.3233, 0.04605, 0.02489, 931.4, 0.0832, 0.05294, 0.02739, 0.00175, 0.1547, class-1
 19.53, 433.8, 0.2747, 0.009895, 0.2019, 0.02258, 0.03053, 0.009276, 0.1426, 0.3075, 0.0812, 0.0163, 522.9, 0.09773, 0.0629, 0.02179, 0.002272, 0.1164, class-2
 25.17, 271.2, 0.4302, 0.01474, 0.2025, 0.03044, 0.01674, 0.008674, 0.1526, 0.2872, 0.06159, 0.01367, 359.4, 0.1044, 0.06601, 0.01257, 0.00459, 0.06141, class-2
 176.5, 803.1, 1.37, 0.008198, 0.2085, 0.02018, 0.03889, 0.02139, 0.1517, 0.3003, 0.1571, 0.04493, 1748, 0.112, 0.06864, 0.08481, 0.005815, 0.4211, class-1
 17.37, 495, 0.2253, 0.006131, 0.1583, 0.01713, 0.01263, 0.008231, 0.1314, 0.2775, 0.05794, 0.009075, 566.9, 0.08785, 0.06275, 0.02402, 0.004414, 0.09385, class-2
 18.99, 380.3, 0.2865, 0.006908, 0.1615, 0.02694, 0.009442, 0.006159, 0.1282, 0.2976, 0.05978, 0.006972, 458, 0.1018, 0.06144, 0.01076, 0.00206, 0.03582, class-2
 20.3, 409.7, 0.2864, 0.007278, 0.2031, 0.01868, 0.02047, 0.008799, 0.1249, 0.3035, 0.07722, 0.04447, 520.5, 0.08546, 0.06267, 0.01428, 0.003339, 0.256, class-2
 49.45, 656.1, 0.5462, 0.009976, 0.2086, 0.02653, 0.05244, 0.0158, 0.1312, 0.2827, 0.1836, 0.05278, 809.2, 0.1031, 0.07406, 0.063, 0.005444, 0.3219, class-2
 15.89, 408.2, 0.2456, 0.005884, 0.1886, 0.01848, 0.02005, 0.01304, 0.1415, 0.2787, 0.1168, 0.02631, 475.7, 0.1088, 0.0632, 0.04497, 0.001982, 0.2302, class-2
 19.36, 575.3, 0.2244, 0.00398, 0.1848, 0.01581, 0.02809, 0.01274, 0.1147, 0.2744, 0.1147, 0.03669, 708.8, 0.09057, 0.06181, 0.04812, 0.003956, 0.366, class-2
 43.52, 289.7, 0.6965, 0.01307, 0.2538, 0.031, 0.01885, 0.01052, 0.1398, 0.3196, 0.08333, 0.006021, 380.9, 0.1075, 0.07029, 0.01967, 0.004225, 0.02085, class-2
 11.6, 307.3, 0.1851, 0.005724, 0.163, 0.01445, 0.005697, 0.003527, 0.1126, 0.2349, 0.03912, 0.002074, 376.3, 0.08117, 0.06439, 0.005159, 0.002411, 0.01235, class-2
 20.77, 333.6, 0.3276, 0.007364, 0.1925, 0.02161, 0.03867, 0.01264, 0.1327, 0.302, 0.1013, 0.05263, 440.4, 0.09816, 0.06915, 0.02218, 0.00483, 0.2939, class-2
 20.2, 359.9, 0.3077, 0.006543, 0.2016, 0.01844, 0.02148, 0.01045, 0.1303, 0.2965, 0.05743, 0.02991, 489.5, 0.08801, 0.05977, 0.01404, 0.00269, 0.1927, class-2
 9.704, 381.1, 0.1415, 0.005883, 0.1511, 0.02009, 0.006263, 0.006189, 0.103, 0.2383, 0.03834, 0.009398, 421.1, 0.08151, 0.06148, 0.0137, 0.002377, 0.0458, class-2
 23.24, 501.3, 0.2954, 0.007337, 0.1459, 0.0194, 0.01174, 0.005623, 0.1068, 0.2165, 0.04522, 0.005383, 586.8, 0.07896, 0.05544, 0.01835, 0.00118, 0.03469, class-2
 24.19, 685, 0.253, 0.006965, 0.2041, 0.01499, 0.06213, 0.02234, 0.1419, 0.2866, 0.2225, 0.07926, 832.7, 0.09947, 0.06898, 0.09711, 0.005784, 0.9019, class-1
 15.43, 467.8, 0.1767, 0.01, 0.1811, 0.02187, 0.03295, 0.01167, 0.145, 0.2556, 0.1316, 0.04861, 515.8, 0.1054, 0.07102, 0.02799, 0.006005, 0.2403, class-2
 52.49, 1250, 0.4331, 0.009087, 0.1724, 0.02451, 0.02715, 0.0191, 0.1665, 0.3032, 0.1489, 0.05546, 1479, 0.1133, 0.06053, 0.1259, 0.004005, 0.5308, class-1
 103.9, 1110, 0.8191, 0.008074, 0.1943, 0.02383, 0.04088, 0.01834, 0.139, 0.3007, 0.1389, 0.05321, 1603, 0.1018, 0.06132, 0.08744, 0.004515, 0.3912, class-1
 23.92, 673.7, 0.3028, 0.005756, 0.1573, 0.01551, 0.01665, 0.008281, 0.1218, 0.2525, 0.07074, 0.01461, 777.5, 0.08924, 0.05703, 0.02877, 0.002168, 0.122, class-2
 18.85, 599.5, 0.2208, 0.005314, 0.1669, 0.01223, 0.01791, 0.009567, 0.1613, 0.3179, 0.1133, 0.02185, 869.3, 0.106, 0.06544, 0.06463, 0.002846, 0.4069, class-1
 26.5, 509.2, 0.3665, 0.00591, 0.1861, 0.02223, 0.01362, 0.006502, 0.1214, 0.3313, 0.07883, 0.007066, 626.9, 0.09136, 0.06347, 0.0209, 0.002378, 0.07127, class-2
 32.74, 611.2, 0.3892, 0.007976, 0.1714, 0.02005, 0.01295, 0.009046, 0.1195, 0.2725, 0.05895, 0.01608, 750, 0.08458, 0.05898, 0.02944, 0.00283, 0.1117, class-2
 29.63, 592.6, 0.3419, 0.005836, 0.1555, 0.02014, 0.01095, 0.007039, 0.1118, 0.2513, 0.0633, 0.005812, 749.1, 0.08684, 0.05673, 0.02293, 0.002326, 0.04753, class-2
 19.25, 606.5, 0.2142, 0.004837, 0.1589, 0.01171, 0.009238, 0.01076, 0.1034, 0.2136, 0.05581, 0.009213, 688.9, 0.07966, 0.05586, 0.02652, 0.002104, 0.0626, class-2
 18.15, 371.5, 0.2574, 0.008565, 0.1489, 0.01516, 0.04638, 0.01768, 0.1391, 0.254, 0.1113, 0.0643, 476.4, 0.08915, 0.0664, 0.03613, 0.004976, 0.4779, class-2
 58.38, 928.8, 0.51, 0.008109, 0.1467, 0.01594, 0.04308, 0.01742, 0.1436, 0.25, 0.1109, 0.04942, 1284, 0.08331, 0.05407, 0.05736, 0.003739, 0.5036, class-1
 29.34, 585.9, 0.3563, 0.006432, 0.1405, 0.01227, 0.01156, 0.005657, 0.1072, 0.1859, 0.06718, 0.007741, 706.6, 0.08817, 0.05848, 0.009937, 0.002564, 0.03517, class-2
 13.12, 340.9, 0.1818, 0.01072, 0.2372, 0.01717, 0.01331, 0.01111, 0.09794, 0.2699, 0.04462, 0.01993, 366.3, 0.08142, 0.05768, 0.01111, 0.004492, 0.03986, class-2
 35.77, 990, 0.2986, 0.004117, 0.172, 0.01295, 0.0156, 0.009753, 0.1263, 0.2842, 0.1232, 0.02975, 1292, 0.08947, 0.0578, 0.06254, 0.002436, 0.429, class-1
 19.39, 441.3, 0.2623, 0.00832, 0.182, 0.02094, 0.02025, 0.01665, 0.1311, 0.2599, 0.09218, 0.02334, 513.9, 0.103, 0.0685, 0.04274, 0.003674, 0.1609, class-2
 43.95, 981.6, 0.3897, 0.004714, 0.1713, 0.01237, 0.02015, 0.0111, 0.1401, 0.2972, 0.1314, 0.03697, 1437, 0.09997, 0.05916, 0.08293, 0.002556, 0.6399, class-1
 19.75, 674.8, 0.2204, 0.004796, 0.1893, 0.02254, 0.01171, 0.006897, 0.1226, 0.36, 0.0889, 0.01758, 829.5, 0.09179, 0.05886, 0.0226, 0.001971, 0.206, class-2
 23.04, 659.7, 0.2535, 0.004147, 0.1473, 0.01394, 0.02048, 0.008848, 0.1089, 0.2471, 0.078, 0.03379, 830.5, 0.08388, 0.05746, 0.02925, 0.002327, 0.3779, class-2
 81.89, 1384, 0.6643, 0.005467, 0.1554, 0.01029, 0.02075, 0.01466, 0.1368, 0.2268, 0.1175, 0.03185, 2022, 0.09684, 0.05661, 0.1155, 0.002205, 0.4399, class-1
 20.24, 432, 0.256, 0.006854, 0.1349, 0.02354, 0.06063, 0.01553, 0.09457, 0.2305, 0.1064, 0.06663, 507.2, 0.06613, 0.06612, 0.02386, 0.008925, 0.3218, class-2
 56.18, 1191, 0.4674, 0.0119, 0.1663, 0.01641, 0.01929, 0.01499, 0.1528, 0.2293, 0.09871, 0.04907, 1421, 0.1032, 0.05391, 0.09063, 0.001807, 0.3977, class-1
 13.86, 442.5, 0.1912, 0.007334, 0.1615, 0.01745, 0.02589, 0.009166, 0.1208, 0.2447, 0.0645, 0.02941, 523.7, 0.08437, 0.06104, 0.01945, 0.004302, 0.1811, class-2
 25.7, 644.2, 0.306, 0.006133, 0.165, 0.02207, 0.01251, 0.01136, 0.1347, 0.2606, 0.09242, 0.01615, 749.9, 0.1099, 0.06121, 0.06495, 0.003563, 0.1373, class-2
 13.32, 492.9, 0.1692, 0.003888, 0.1799, 0.01608, 0.008539, 0.006888, 0.1225, 0.327, 0.0543, 0.01256, 633.5, 0.08583, 0.05826, 0.02272, 0.001638, 0.1887, class-2
 28.93, 557.2, 0.3408, 0.005841, 0.1375, 0.01564, 0.01246, 0.009128, 0.1172, 0.2196, 0.07426, 0.007936, 705.6, 0.09245, 0.06016, 0.03264, 0.002985, 0.07003, class-2
 23.13, 415.1, 0.3135, 0.009861, 0.1799, 0.02475, 0.02418, 0.009215, 0.1406, 0.2884, 0.08574, 0.04275, 527.8, 0.09357, 0.06166, 0.02017, 0.002128, 0.2923, class-2
 17.58, 537.9, 0.2084, 0.005768, 0.1619, 0.01347, 0.008082, 0.006451, 0.1289, 0.2444, 0.05205, 0.0151, 632.9, 0.08791, 0.05584, 0.02068, 0.001828, 0.139, class-2
 21.19, 520.2, 0.2621, 0.006054, 0.1667, 0.01215, 0.008974, 0.006336, 0.1218, 0.2306, 0.05073, 0.005681, 628.5, 0.08369, 0.05449, 0.01762, 0.001514, 0.04462, class-2
 11.28, 290.9, 0.1781, 0.006588, 0.1621, 0.01574, 0.0127, 0.006104, 0.111, 0.2321, 0.04626, 0.0145, 349.9, 0.07984, 0.05952, 0.01043, 0.002268, 0.0719, class-2
 115.2, 930.9, 0.9291, 0.00874, 0.1793, 0.02045, 0.02219, 0.01458, 0.16, 0.301, 0.111, 0.02721, 1648, 0.09898, 0.06281, 0.06431, 0.004417, 0.2639, class-1
 542.2, 2501, 2.547, 0.00765, 0.2061, 0.01697, 0.05374, 0.02598, 0.1357, 0.2641, 0.1988, 0.08055, 4254, 0.1084, 0.05623, 0.1689, 0.004558, 0.6833, class-1
 20.52, 646.1, 0.2315, 0.005356, 0.1707, 0.01414, 0.01679, 0.00637, 0.1017, 0.2345, 0.05223, 0.01971, 734.6, 0.06995, 0.05433, 0.01737, 0.001892, 0.1472, class-2
 12.89, 412.7, 0.1816, 0.006709, 0.1516, 0.02124, 0.01701, 0.007497, 0.1342, 0.321, 0.05855, 0.0208, 495.1, 0.08508, 0.05859, 0.01777, 0.002768, 0.186, class-2
 16.89, 537.3, 0.2023, 0.005969, 0.1454, 0.01093, 0.01493, 0.008463, 0.1282, 0.2235, 0.05994, 0.01564, 687.6, 0.07466, 0.05549, 0.0287, 0.001672, 0.1876, class-2
 23.81, 542.9, 0.281, 0.004929, 0.1601, 0.01526, 0.06657, 0.01368, 0.1201, 0.2845, 0.1223, 0.07683, 733.5, 0.08284, 0.06432, 0.02833, 0.008133, 0.6556, class-2
 27.4, 536.9, 0.3152, 0.007295, 0.1562, 0.01561, 0.03179, 0.01254, 0.1351, 0.2563, 0.1089, 0.04615, 689.1, 0.08675, 0.0602, 0.0351, 0.00323, 0.4504, class-2
 20.98, 286.3, 0.3416, 0.01098, 0.168, 0.02693, 0.01257, 0.003934, 0.1388, 0.3057, 0.05428, 0.01031, 380.2, 0.08311, 0.06412, 0.005769, 0.002979, 0.06409, class-2
 104.9, 980.5, 0.9289, 0.006766, 0.1696, 0.01673, 0.07025, 0.02311, 0.1207, 0.2301, 0.2004, 0.06591, 1437, 0.09289, 0.07369, 0.1002, 0.0113, 0.5165, class-1
 27.85, 408.8, 0.4101, 0.01459, 0.1957, 0.01807, 0.03206, 0.01841, 0.178, 0.266, 0.1483, 0.04961, 528.1, 0.1175, 0.07255, 0.05564, 0.005217, 0.3186, class-2
 22.73, 289.1, 0.3776, 0.007501, 0.2238, 0.0196, 0.01989, 0.009883, 0.1234, 0.3174, 0.06258, 0.02714, 385.2, 0.08946, 0.06413, 0.01514, 0.003913, 0.1277, class-2
 44.96, 449.9, 0.6061, 0.007517, 0.1854, 0.02047, 0.01555, 0.01183, 0.1041, 0.2404, 0.06, 0.01465, 567.6, 0.08752, 0.05698, 0.02377, 0.003883, 0.05524, class-2
 23.31, 686.9, 0.2446, 0.003271, 0.1687, 0.01148, 0.0177, 0.008399, 0.1065, 0.2688, 0.08549, 0.0231, 906.6, 0.08098, 0.05669, 0.03221, 0.002379, 0.3151, class-2
 35.13, 465.4, 0.4455, 0.007339, 0.1701, 0.03141, 0.008243, 0, 0.09422, 0.2409, 0.03398, 0, 558.9, 0.07699, 0.0596, 0, 0.003136, 0, class-2
 9.597, 358.9, 0.1482, 0.004474, 0.1861, 0.01212, 0.03093, 0.006691, 0.1332, 0.2581, 0.1069, 0.02757, 433.1, 0.1007, 0.06837, 0.01571, 0.004672, 0.3365, class-2
 11.64, 506.9, 0.1499, 0.004873, 0.1705, 0.01601, 0.01796, 0.00836, 0.1326, 0.3006, 0.08269, 0.03318, 605.8, 0.0904, 0.05913, 0.03078, 0.002289, 0.3476, class-2
 31.01, 618.4, 0.3478, 0.004107, 0.1506, 0.0161, 0.03288, 0.0135, 0.1153, 0.2534, 0.1108, 0.02821, 828.5, 0.08931, 0.06009, 0.03058, 0.002744, 0.2512, class-2
 14.03, 599.4, 0.1555, 0.003308, 0.1813, 0.01316, 0.01315, 0.004832, 0.09384, 0.2679, 0.05319, 0.009904, 718.9, 0.06828, 0.05536, 0.01339, 0.002095, 0.1384, class-2
 14.34, 404.9, 0.2034, 0.004957, 0.1779, 0.01843, 0.02114, 0.008038, 0.1352, 0.2941, 0.08228, 0.04156, 467.6, 0.1046, 0.06574, 0.01969, 0.003614, 0.2596, class-2
 33.12, 815.8, 0.3147, 0.009197, 0.2151, 0.02773, 0.0547, 0.02215, 0.1377, 0.3318, 0.1893, 0.08079, 939.7, 0.1026, 0.06578, 0.09194, 0.006355, 0.5897, class-1
 16.26, 455.3, 0.2194, 0.004911, 0.1464, 0.01454, 0.01666, 0.005161, 0.1208, 0.2406, 0.07838, 0.01397, 547.4, 0.09087, 0.06284, 0.01527, 0.001858, 0.162, class-2
 28.41, 602.9, 0.3316, 0.003704, 0.1579, 0.01062, 0.01082, 0.006275, 0.1064, 0.2356, 0.05326, 0.0153, 830.5, 0.07991, 0.05594, 0.0207, 0.002217, 0.1673, class-2
 12.84, 546.3, 0.1588, 0.00445, 0.1779, 0.01698, 0.01452, 0.008791, 0.1393, 0.3227, 0.1155, 0.01334, 660.2, 0.1071, 0.06639, 0.05266, 0.002787, 0.1848, class-2
 20.64, 571.1, 0.2431, 0.003245, 0.1732, 0.01285, 0.008186, 0.009233, 0.1199, 0.2518, 0.07957, 0.01698, 686.5, 0.0995, 0.06088, 0.0316, 0.001524, 0.1742, class-2
 13.87, 747.2, 0.163, 0.006034, 0.1784, 0.01175, 0.0182, 0.01067, 0.1541, 0.2557, 0.1299, 0.03336, 854.3, 0.1043, 0.06259, 0.06211, 0.002256, 0.4004, class-2
 30.19, 476.7, 0.3921, 0.007234, 0.2082, 0.03232, 0.07471, 0.02721, 0.1175, 0.3231, 0.1511, 0.1114, 580.6, 0.09514, 0.07325, 0.04846, 0.009627, 0.4896, class-2
 19.98, 666, 0.2204, 0.003535, 0.1409, 0.01254, 0.01393, 0.006144, 0.1142, 0.2455, 0.06698, 0.018, 831, 0.08641, 0.05355, 0.02791, 0.001219, 0.2437, class-2
 67.74, 1167, 0.5659, 0.005288, 0.1823, 0.01717, 0.02833, 0.01176, 0.1514, 0.3266, 0.1448, 0.04256, 1740, 0.1089, 0.06115, 0.1194, 0.003211, 0.5936, class-1
 27.57, 420.5, 0.3713, 0.008998, 0.1853, 0.02152, 0.01292, 0.01167, 0.1526, 0.2804, 0.09263, 0.01851, 549.8, 0.1128, 0.06401, 0.03132, 0.003213, 0.149, class-2
 22.95, 857.6, 0.2473, 0.002667, 0.1846, 0.01961, 0.01446, 0.005297, 0.1009, 0.4677, 0.07112, 0.01423, 1084, 0.07497, 0.05325, 0.02307, 0.0017, 0.2477, class-1
 18.04, 466.5, 0.2239, 0.005096, 0.1544, 0.01608, 0.01205, 0.004551, 0.1256, 0.31, 0.052, 0.00941, 622.9, 0.08192, 0.05976, 0.01261, 0.002399, 0.123, class-2
 50.95, 992.1, 0.4834, 0.004369, 0.122, 0.01302, 0.008274, 0.007437, 0.09862, 0.1783, 0.06217, 0.01153, 1210, 0.07838, 0.05243, 0.04178, 0.001309, 0.1048, class-2
 89.74, 1007, 0.7548, 0.007997, 0.2116, 0.02897, 0.027, 0.01648, 0.1309, 0.3251, 0.1289, 0.03737, 1426, 0.1001, 0.06077, 0.07762, 0.003996, 0.2544, class-1
 24.6, 477.3, 0.3276, 0.01039, 0.1613, 0.02869, 0.01003, 0.007895, 0.09439, 0.228, 0.04043, 0.006416, 534, 0.07372, 0.06013, 0.01149, 0.004821, 0.01674, class-2
 26.07, 538.7, 0.3237, 0.007802, 0.1713, 0.02086, 0.02052, 0.005564, 0.1118, 0.2687, 0.05275, 0.01341, 648.3, 0.07335, 0.05888, 0.01256, 0.002701, 0.07698, class-2
 21.84, 680.9, 0.2323, 0.005415, 0.1487, 0.01959, 0.01371, 0.01183, 0.1216, 0.2369, 0.08345, 0.02153, 783.6, 0.09587, 0.05748, 0.04951, 0.001812, 0.17, class-2
 18.4, 485.6, 0.2324, 0.005704, 0.1641, 0.01759, 0.02502, 0.01032, 0.1533, 0.323, 0.1334, 0.02636, 633.7, 0.1076, 0.06854, 0.05074, 0.003563, 0.3582, class-2
 11.91, 480.1, 0.1532, 0.003796, 0.1526, 0.01536, 0.01371, 0.007096, 0.1276, 0.3035, 0.0763, 0.01346, 607.3, 0.08928, 0.06046, 0.02369, 0.001541, 0.2028, class-2
 95.77, 1068, 0.7923, 0.007974, 0.1832, 0.01617, 0.03214, 0.01573, 0.1412, 0.251, 0.1317, 0.04435, 1600, 0.1012, 0.06697, 0.09183, 0.005255, 0.3533, class-1
 75.09, 1320, 0.5904, 0.006666, 0.1848, 0.01117, 0.02791, 0.01479, 0.1464, 0.248, 0.1644, 0.04062, 1760, 0.1085, 0.06222, 0.1121, 0.003727, 0.5179, class-1
 34.84, 689.4, 0.372, 0.004123, 0.1668, 0.01055, 0.01819, 0.01004, 0.1135, 0.2177, 0.1364, 0.01996, 856.9, 0.09883, 0.06869, 0.06142, 0.003237, 0.1856, class-2
 39.05, 595.9, 0.4751, 0.00968, 0.2275, 0.02434, 0.03856, 0.01616, 0.1794, 0.3651, 0.1681, 0.03476, 788, 0.1162, 0.07237, 0.06759, 0.006995, 0.3381, class-1
 18.49, 476.3, 0.2577, 0.009702, 0.1943, 0.02801, 0.01567, 0.01161, 0.158, 0.3155, 0.1085, 0.02575, 552, 0.1158, 0.06612, 0.03279, 0.00248, 0.1889, class-2
 180.2, 1682, 1.291, 0.005753, 0.1505, 0.02201, 0.03356, 0.02156, 0.1199, 0.2908, 0.1275, 0.03976, 2782, 0.09342, 0.05484, 0.1003, 0.002897, 0.3794, class-1
 20.04, 248.7, 0.4076, 0.009783, 0.2378, 0.02542, 0.04542, 0.02188, 0.1902, 0.3038, 0.2239, 0.03483, 300.2, 0.1634, 0.09502, 0.05252, 0.01045, 0.2099, class-2
 17.67, 272.5, 0.2744, 0.02177, 0.2057, 0.02632, 0.04888, 0.0145, 0.2006, 0.2848, 0.2204, 0.05189, 328.1, 0.1255, 0.09575, 0.07038, 0.01148, 0.2913, class-2
 12.58, 453.1, 0.1811, 0.006272, 0.2124, 0.0132, 0.02198, 0.009894, 0.1402, 0.2709, 0.1152, 0.03966, 515.3, 0.1096, 0.06894, 0.02166, 0.003813, 0.3535, class-2
 12.3, 366.5, 0.1779, 0.01262, 0.1954, 0.0222, 0.02348, 0.01285, 0.1662, 0.278, 0.1071, 0.018, 411.1, 0.1194, 0.07976, 0.04268, 0.008313, 0.1256, class-2
 20.67, 819.8, 0.2067, 0.007394, 0.1711, 0.01344, 0.01203, 0.01431, 0.1354, 0.23, 0.06712, 0.0247, 928.2, 0.09427, 0.05657, 0.04563, 0.002569, 0.1947, class-2
 32.52, 731.3, 0.3331, 0.009538, 0.1807, 0.02105, 0.0494, 0.02041, 0.1732, 0.3013, 0.187, 0.06019, 909.4, 0.1183, 0.07083, 0.0852, 0.006, 0.5911, class-1
 13.04, 426, 0.1924, 0.006982, 0.1499, 0.0226, 0.03916, 0.01528, 0.1073, 0.2604, 0.09661, 0.04017, 473.8, 0.08099, 0.06758, 0.02639, 0.006822, 0.269, class-2
 20.72, 680.7, 0.2182, 0.006708, 0.1659, 0.0158, 0.01197, 0.01056, 0.1139, 0.2334, 0.05016, 0.01482, 760.2, 0.08472, 0.05348, 0.02541, 0.001779, 0.1101, class-2
 33.67, 556.7, 0.3906, 0.005414, 0.2116, 0.01705, 0.02265, 0.01334, 0.1574, 0.3585, 0.1469, 0.03452, 844.4, 0.1106, 0.07325, 0.08172, 0.004005, 0.5106, class-1
 37.11, 658.8, 0.4165, 0.004953, 0.1739, 0.01539, 0.01812, 0.008648, 0.1223, 0.2626, 0.08918, 0.03035, 862, 0.09832, 0.0564, 0.04349, 0.002281, 0.2492, class-2
 38.49, 701.9, 0.386, 0.004952, 0.1561, 0.01152, 0.0163, 0.009423, 0.1246, 0.2282, 0.08597, 0.02967, 967, 0.09215, 0.05915, 0.04335, 0.001718, 0.2866, class-1
 18.19, 391.2, 0.243, 0.008577, 0.1927, 0.02434, 0.01641, 0.01107, 0.1483, 0.306, 0.08499, 0.02099, 478.6, 0.1049, 0.06211, 0.02594, 0.001217, 0.1624, class-2
 67.36, 1052, 0.5449, 0.006176, 0.186, 0.01559, 0.01877, 0.01046, 0.1492, 0.3074, 0.1248, 0.02913, 1493, 0.1068, 0.05941, 0.09451, 0.002725, 0.3759, class-1
 59.7, 1214, 0.5079, 0.005089, 0.1802, 0.01057, 0.02303, 0.01178, 0.1417, 0.2549, 0.131, 0.03052, 1646, 0.1037, 0.06188, 0.09431, 0.003391, 0.4185, class-1
 34.37, 493.1, 0.4426, 0.005273, 0.1709, 0.01816, 0.02329, 0.01244, 0.1456, 0.2582, 0.1661, 0.01405, 674.7, 0.1218, 0.07253, 0.05303, 0.003299, 0.1246, class-2
 28.62, 493.8, 0.3834, 0.007509, 0.212, 0.01805, 0.01561, 0.009199, 0.1475, 0.3071, 0.1117, 0.01977, 624.1, 0.1125, 0.06623, 0.02995, 0.003629, 0.1423, class-2
 19.63, 257.8, 0.3538, 0.01546, 0.2197, 0.03997, 0.0254, 0.0158, 0.185, 0.3681, 0.1225, 0.02197, 326.6, 0.1371, 0.07696, 0.02421, 0.003901, 0.09996, class-2
 139.9, 1841, 0.9915, 0.004989, 0.1991, 0.01879, 0.03212, 0.01597, 0.1342, 0.3157, 0.2106, 0.03571, 2642, 0.103, 0.06739, 0.1471, 0.00476, 0.4658, class-1
 9.332, 388.1, 0.1344, 0.0042, 0.1637, 0.01487, 0.0059, 0.004065, 0.1108, 0.2557, 0.04413, 0.003846, 435.9, 0.08511, 0.06343, 0.005664, 0.002295, 0.02533, class-2
 26.45, 571, 0.3191, 0.006739, 0.1714, 0.0187, 0.02251, 0.01352, 0.1425, 0.2849, 0.107, 0.02086, 701.9, 0.09916, 0.06843, 0.03783, 0.003747, 0.1935, class-2
 15.24, 293.2, 0.2498, 0.008732, 0.1387, 0.01824, 0.02042, 0.006801, 0.1419, 0.2502, 0.08419, 0.01062, 376.5, 0.09492, 0.06891, 0.02416, 0.003494, 0.08434, class-2
 7.254, 221.3, 0.1267, 0.007897, 0.1678, 0.01592, 0.01762, 0.00732, 0.1641, 0.2983, 0.07632, 0.01801, 275.6, 0.1036, 0.07126, 0.0151, 0.003925, 0.1754, class-2
 16.07, 551.1, 0.1998, 0.004413, 0.1723, 0.01354, 0.01443, 0.007369, 0.1624, 0.3518, 0.1138, 0.01509, 719.8, 0.1075, 0.06317, 0.03152, 0.001787, 0.2654, class-2
 8.955, 468.5, 0.1166, 0.003681, 0.1689, 0.01129, 0.009169, 0.00574, 0.1292, 0.311, 0.06307, 0.008732, 564.9, 0.09003, 0.05808, 0.02647, 0.001366, 0.1791, class-2
 44.74, 594.2, 0.5461, 0.01004, 0.1976, 0.01715, 0.03247, 0.02853, 0.1394, 0.216, 0.09755, 0.04763, 653.3, 0.1248, 0.06457, 0.06615, 0.005528, 0.1559, class-2
 18.54, 445.2, 0.2513, 0.007327, 0.1657, 0.01962, 0.01153, 0.007986, 0.1521, 0.2781, 0.09009, 0.01798, 549.9, 0.11, 0.06608, 0.02798, 0.002234, 0.1622, class-2
 30.66, 422.9, 0.4384, 0.006587, 0.1598, 0.01835, 0.01815, 0.01316, 0.1349, 0.2478, 0.09713, 0.01737, 552.3, 0.1073, 0.06677, 0.0444, 0.002318, 0.1366, class-2
 15.34, 416.2, 0.2067, 0.005251, 0.1859, 0.01449, 0.01727, 0.005298, 0.155, 0.3206, 0.09453, 0.0184, 550.6, 0.1016, 0.06461, 0.02157, 0.002671, 0.2758, class-2
 17.25, 575.5, 0.2047, 0.003828, 0.1631, 0.01054, 0.007228, 0.005077, 0.1264, 0.2806, 0.07255, 0.007078, 773.4, 0.09277, 0.06155, 0.0188, 0.001697, 0.1206, class-2
 100.4, 1299, 0.8336, 0.004938, 0.2166, 0.02816, 0.03089, 0.01699, 0.1097, 0.322, 0.1313, 0.04093, 1645, 0.09156, 0.05419, 0.1015, 0.002719, 0.3092, class-1
 10.09, 365.6, 0.1507, 0.009501, 0.1619, 0.01322, 0.03378, 0.01346, 0.1428, 0.2289, 0.09752, 0.04401, 407.5, 0.09687, 0.06408, 0.02788, 0.003534, 0.2123, class-2
 87.78, 1308, 0.6986, 0.004578, 0.2127, 0.01948, 0.02616, 0.01421, 0.1268, 0.3077, 0.1739, 0.04005, 1809, 0.1046, 0.06251, 0.1322, 0.002689, 0.4433, class-1
 18.54, 629.8, 0.2027, 0.006113, 0.1926, 0.01451, 0.02583, 0.01276, 0.138, 0.2698, 0.1154, 0.04645, 728.3, 0.1038, 0.05982, 0.06139, 0.003756, 0.4234, class-1
 20.95, 406.4, 0.2957, 0.01288, 0.2131, 0.0156, 0.03495, 0.01766, 0.1768, 0.2803, 0.1552, 0.01865, 487.7, 0.1236, 0.07405, 0.04531, 0.005824, 0.1395, class-2
 19.14, 178.8, 0.3777, 0.01266, 0.187, 0.02882, 0.009692, 0, 0.1256, 0.3058, 0.04878, 0, 248, 0.08098, 0.07285, 0, 0.006872, 0, class-2
 11.73, 170.4, 0.2196, 0.01547, 0.2037, 0.02105, 0.06457, 0.01364, 0.1596, 0.279, 0.1199, 0.09252, 223.6, 0.08668, 0.07751, 0.01364, 0.007551, 0.3393, class-2
 20.86, 402.9, 0.2784, 0.01215, 0.1818, 0.0184, 0.04112, 0.01494, 0.1345, 0.2329, 0.112, 0.05553, 457.8, 0.09984, 0.06782, 0.02594, 0.005512, 0.1797, class-2
 23.11, 656.4, 0.2542, 0.007138, 0.1872, 0.02068, 0.04653, 0.01162, 0.134, 0.3187, 0.123, 0.03829, 808.9, 0.08837, 0.06341, 0.0389, 0.006111, 0.404, class-2
 27.41, 668.6, 0.3031, 0.004775, 0.184, 0.0187, 0.01172, 0.01269, 0.106, 0.2722, 0.07214, 0.01947, 826.4, 0.08275, 0.0568, 0.03027, 0.002626, 0.1611, class-2
 17.85, 538.4, 0.2351, 0.004973, 0.1628, 0.01724, 0.01372, 0.009117, 0.1072, 0.2473, 0.06877, 0.01498, 629.6, 0.08671, 0.05781, 0.03275, 0.001343, 0.1062, class-2
 23.12, 584.8, 0.272, 0.006298, 0.162, 0.0149, 0.02172, 0.009061, 0.1264, 0.2249, 0.1018, 0.02615, 688.6, 0.09578, 0.06688, 0.02369, 0.003599, 0.1377, class-2
 31.24, 573.2, 0.346, 0.005868, 0.1664, 0.02087, 0.02099, 0.009064, 0.1216, 0.2642, 0.06747, 0.02021, 729.8, 0.09246, 0.05801, 0.02443, 0.002583, 0.1049, class-2
 12.97, 324.9, 0.2104, 0.007086, 0.1885, 0.0156, 0.007247, 0.005495, 0.1285, 0.2681, 0.04994, 0.01012, 384.9, 0.09434, 0.06201, 0.005495, 0.002606, 0.04384, class-2
 7.326, 320.8, 0.1144, 0.01027, 0.1669, 0.02277, 0.03084, 0.01097, 0.1461, 0.2691, 0.08066, 0.02613, 357.4, 0.08877, 0.06714, 0.02438, 0.00589, 0.1783, class-2
 18.24, 285.7, 0.2957, 0.00744, 0.158, 0.02203, 0.01123, 0.009615, 0.1199, 0.2552, 0.0503, 0.02337, 364.2, 0.08491, 0.06235, 0.009615, 0.004154, 0.0935, class-2
 33, 361.6, 0.5196, 0.008263, 0.1976, 0.02466, 0.0187, 0.005917, 0.1204, 0.3059, 0.06602, 0.01277, 505.6, 0.08192, 0.06328, 0.00816, 0.002977, 0.06194, class-2
 20.67, 360.5, 0.3163, 0.009579, 0.1661, 0.03004, 0.01104, 0, 0.1001, 0.2458, 0.04227, 0, 412.3, 0.07431, 0.05948, 0, 0.002228, 0, class-2
 17.85, 378.4, 0.28, 0.003495, 0.203, 0.02912, 0.03051, 0.01024, 0.1087, 0.3169, 0.08194, 0.03445, 436.6, 0.09566, 0.06552, 0.02257, 0.004723, 0.1564, class-2
 18.76, 507.9, 0.2409, 0.008835, 0.1539, 0.01897, 0.01233, 0.009305, 0.1234, 0.2407, 0.04234, 0.01328, 594.7, 0.08276, 0.05637, 0.01499, 0.001726, 0.08653, class-2
 17.86, 264, 0.3013, 0.01094, 0.1692, 0.03759, 0.01834, 0.01282, 0.1103, 0.2435, 0.05605, 0.03996, 295.8, 0.0924, 0.06576, 0.01282, 0.004623, 0.07993, class-2
 16.83, 514.3, 0.2116, 0.008412, 0.1566, 0.01695, 0.02153, 0.00762, 0.1227, 0.2372, 0.05824, 0.03898, 595.7, 0.08123, 0.05708, 0.02343, 0.002801, 0.2439, class-2
 14.46, 321.4, 0.2199, 0.01205, 0.1593, 0.01843, 0.02736, 0.01721, 0.1384, 0.2226, 0.07658, 0.04804, 357.6, 0.0903, 0.06127, 0.02738, 0.004938, 0.2, class-2
 16.8, 311.7, 0.2441, 0.01291, 0.1791, 0.02572, 0.02222, 0.007082, 0.1265, 0.2262, 0.07504, 0.004174, 347.3, 0.1003, 0.06331, 0.01116, 0.002278, 0.01005, class-2
 29.11, 271.3, 0.5375, 0.01159, 0.1742, 0.03004, 0.01124, 0, 0.1073, 0.2475, 0.04971, 0, 330.6, 0.08123, 0.06059, 0, 0.003324, 0, class-2
 19.54, 657.1, 0.2254, 0.004242, 0.1454, 0.01638, 0.04639, 0.01606, 0.1026, 0.2258, 0.133, 0.06578, 733.5, 0.08473, 0.06147, 0.03736, 0.004406, 0.3662, class-2
 16.97, 403.5, 0.2388, 0.0082, 0.1388, 0.01488, 0.02982, 0.01267, 0.1298, 0.2112, 0.1021, 0.05738, 474.2, 0.09261, 0.0657, 0.04105, 0.004738, 0.363, class-2
 29.84, 600.4, 0.3645, 0.007256, 0.1537, 0.0208, 0.02678, 0.01626, 0.1241, 0.225, 0.1126, 0.02071, 706.7, 0.09929, 0.06171, 0.04304, 0.005304, 0.1326, class-2
 22.81, 386, 0.3141, 0.007594, 0.106, 0.01989, 0.008878, 0, 0.09267, 0.1566, 0.03558, 0, 439.6, 0.07449, 0.05502, 0, 0.001773, 0, class-2
 22.65, 716.9, 0.2602, 0.004625, 0.2128, 0.02137, 0.04844, 0.01608, 0.1417, 0.4089, 0.2087, 0.07359, 915, 0.1048, 0.07152, 0.09429, 0.006142, 1.17, class-1
 118.8, 1347, 0.9622, 0.006399, 0.2149, 0.02057, 0.0431, 0.02624, 0.1407, 0.2929, 0.2236, 0.07845, 1819, 0.1099, 0.06879, 0.1474, 0.006213, 0.6599, class-1
 158.7, 1479, 1.176, 0.0103, 0.1726, 0.01114, 0.02891, 0.02454, 0.141, 0.206, 0.1159, 0.05198, 2027, 0.111, 0.05623, 0.1389, 0.004239, 0.4107, class-1
 99.04, 1261, 0.7655, 0.005769, 0.1752, 0.01898, 0.02423, 0.01678, 0.1166, 0.2572, 0.1034, 0.0395, 1731, 0.0978, 0.05533, 0.09791, 0.002498, 0.3215, class-1
 48.55, 858.1, 0.4564, 0.005903, 0.159, 0.01318, 0.03731, 0.01557, 0.1139, 0.2218, 0.1023, 0.0473, 1124, 0.08455, 0.05648, 0.05302, 0.003892, 0.3403, class-1
 86.22, 1265, 0.726, 0.006522, 0.2397, 0.02324, 0.06158, 0.01664, 0.165, 0.4087, 0.277, 0.07117, 1821, 0.1178, 0.07016, 0.152, 0.006185, 0.9387, class-1
 19.15, 181, 0.3857, 0.007189, 0.1587, 0.02676, 0.00466, 0, 0.08996, 0.2871, 0.04362, 0, 268.6, 0.05263, 0.05884, 0, 0.002783, 0, class-2
